[-0.5198358487585446,0.0] [2] [-0.5188640701104285,0.000971778648116115]
[-0.5188640701104285,0.000971778648116115] [2] [-0.5169278005594089,0.0019362695510195638]
[-0.5169278005594089,0.0019362695510195638] [2] [-0.5140415599814478,0.0028862405779610766]
[-0.5140415599814478,0.0028862405779610766] [2] [-0.5102269887002212,0.0038145712812266926]
[-0.5102269887002212,0.0038145712812266926] [2] [-0.5055126789248402,0.004714309775381019]
[-0.5055126789248402,0.004714309775381019] [2] [-0.4999339483283289,0.005578730596511333]
[-0.4999339483283289,0.005578730596511333] [2] [-0.4935325548790968,0.0064013934492321]
[-0.4935325548790968,0.0064013934492321] [2] [-0.4863563524437195,0.007176202435377298]
[-0.4863563524437195,0.007176202435377298] [2] [-0.4784588874239428,0.007897465019776657]
[-0.4784588874239428,0.007897465019776657] [2] [-0.4698989377673607,0.008559949656582156]
[-0.4698989377673607,0.008559949656582156] [2] [-0.4607399970603081,0.009158940707052608]
[-0.4607399970603081,0.009158940707052608] [2] [-0.4510497080022575,0.009690289058050576]
[-0.4510497080022575,0.009690289058050576] [2] [-0.44089925127515633,0.010150456727101185]
[-0.44089925127515633,0.010150456727101185] [2] [-0.43036269754020684,0.01053655373494947]
[-0.43036269754020684,0.01053655373494947] [2] [-0.41951633188943704,0.010846365650769815]
[-0.41951633188943704,0.010846365650769815] [2] [-0.40843796142158684,0.011078370467850186]
[-0.40843796142158684,0.011078370467850186] [2] [-0.3972062175854737,0.011231743836113157]
[-0.3972062175854737,0.011231743836113157] [2] [-0.3858998654469799,0.011306352138493767]
[-0.3858998654469799,0.011306352138493767] [2] [-0.37459713202885825,0.011302733418121637]
[-0.37459713202885825,0.011302733418121637] [2] [-0.3633750653251456,0.011222066703712666]
[-0.3633750653251456,0.011222066703712666] [2] [-0.3523089345242571,0.01106613080088846]
[-0.3523089345242571,0.01106613080088846] [2] [-0.3414716804453909,0.010837254078866213]
[-0.3414716804453909,0.010837254078866213] [2] [-0.330933423292683,0.010538257152707883]
[-0.330933423292683,0.010538257152707883] [2] [-0.3207610326749716,0.010172390617711434]
[-0.3207610326749716,0.010172390617711434] [2] [-0.31101776255300856,0.009743270121963025]
[-0.31101776255300856,0.009743270121963025] [2] [-0.30176295148891163,0.009254811064096917]
[-0.30176295148891163,0.009254811064096917] [2] [-0.293051786404187,0.008711165084724632]
[-0.293051786404187,0.008711165084724632] [2] [-0.28493512610530536,0.00811666029888162]
[-0.28493512610530536,0.00811666029888162] [2] [-0.2774593791893546,0.007475746915950769]
[-0.2774593791893546,0.007475746915950769] [2] [-0.2706664296509468,0.006792949538407826]
[-0.2706664296509468,0.006792949538407826] [2] [-0.2645936026039239,0.006072827047022871]
[-0.2645936026039239,0.006072827047022871] [2] [-0.25927366201263624,0.0053199405912876556]
[-0.25927366201263624,0.0053199405912876556] [2] [-0.25473483218317106,0.004538829829465196]
[-0.25473483218317106,0.004538829829465196] [2] [-0.25100083496544534,0.0037339972177257014]
[-0.25100083496544534,0.0037339972177257014] [2] [-0.24809093512306024,0.002909899842385103]
[-0.24809093512306024,0.002909899842385103] [2] [-0.24601998709426676,0.0020709480287934923]
[-0.24601998709426676,0.0020709480287934923] [2] [-0.24479847734762059,0.0012215097466461615]
[-0.24479847734762059,0.0012215097466461615] [2] [-0.24443255768425926,0.00036591966336131936]
[-0.24443255768425926,0.00036591966336131936] [2] [-0.2449240661122848,-0.0004915084280255444]
[-0.2449240661122848,-0.0004915084280255444] [2] [-0.24627053327786586,-0.0013464671655810747]
[-0.24627053327786586,-0.0013464671655810747] [2] [-0.2484651738457962,-0.0021946405679303333]
[-0.2484651738457962,-0.0021946405679303333] [2] [-0.2514968636448215,-0.003031689799025277]
[-0.2514968636448215,-0.003031689799025277] [2] [-0.25535010479618564,-0.003853241151364169]
[-0.25535010479618564,-0.003853241151364169] [0] [-0.2620049823927898,-0.006654877596604134]
[-0.2620049823927898,-0.006654877596604134] [0] [-0.2714265362761955,-0.009421553883405681]
[-0.2714265362761955,-0.009421553883405681] [0] [-0.283564071315945,-0.012137535039749514]
[-0.283564071315945,-0.012137535039749514] [0] [-0.2983502637082759,-0.014786192392330852]
[-0.2983502637082759,-0.014786192392330852] [0] [-0.31570015407032537,-0.017349890362049456]
[-0.31570015407032537,-0.017349890362049456] [0] [-0.33551014235726817,-0.019809988286942797]
[-0.33551014235726817,-0.019809988286942797] [0] [-0.3576571197918929,-0.022146977434624748]
[-0.3576571197918929,-0.022146977434624748] [0] [-0.3819978863150677,-0.024340766523174774]
[-0.3819978863150677,-0.024340766523174774] [0] [-0.4083690053294538,-0.026371119014386084]
[-0.4083690053294538,-0.026371119014386084] [1] [-0.4355872375696616,-0.027218232240207828]
[-0.4355872375696616,-0.027218232240207828] [0] [-0.4644579134587252,-0.028870675889063634]
[-0.4644579134587252,-0.028870675889063634] [0] [-0.4947698223715036,-0.030311908912778344]
[-0.4947698223715036,-0.030311908912778344] [0] [-0.5262976789843962,-0.03152785661289256]
[-0.5262976789843962,-0.03152785661289256] [0] [-0.5588052940430563,-0.032507615058660164]
[-0.5588052940430563,-0.032507615058660164] [0] [-0.5920493508721001,-0.03324405682904377]
[-0.5920493508721001,-0.03324405682904377] [0] [-0.6257836289303066,-0.0337342780582065]
[-0.6257836289303066,-0.0337342780582065] [0] [-0.6597634679283279,-0.03397983899802121]
[-0.6597634679283279,-0.03397983899802121] [0] [-0.6937502375184175,-0.033986769590089616]
[-0.6937502375184175,-0.033986769590089616] [0] [-0.7275155727106324,-0.03376533519221496]
[-0.7275155727106324,-0.03376533519221496] [0] [-0.7608451546864418,-0.033329581975809354]
[-0.7608451546864418,-0.033329581975809354] [0] [-0.7935418574622819,-0.03269670277584013]
[-0.7935418574622819,-0.03269670277584013] [0] [-0.8254281366658348,-0.03188627920355288]
[-0.8254281366658348,-0.03188627920355288] [0] [-0.8563475995113287,-0.030919462845493843]
[-0.8563475995113287,-0.030919462845493843] [0] [-0.8861657567162533,-0.029818157204924638]
[-0.8861657567162533,-0.029818157204924638] [0] [-0.9147700106908632,-0.028604253974609896]
[-0.9147700106908632,-0.028604253974609896] [0] [-0.9420689751927168,-0.027298964501853606]
[-0.9420689751927168,-0.027298964501853606] [0] [-0.967991247686338,-0.02592227249362122]
[-0.967991247686338,-0.02592227249362122] [0] [-0.992483767149968,-0.024492519463629986]
[-0.992483767149968,-0.024492519463629986] [0] [-1.0155098890470724,-0.023026121897104485]
[-1.0155098890470724,-0.023026121897104485] [0] [-1.037047298654016,-0.02153740960694355]
[-1.037047298654016,-0.02153740960694355] [0] [-1.057085867232201,-0.020038568578184986]
[-1.057085867232201,-0.020038568578184986] [0] [-1.0756255357411528,-0.018539668508951734]
[-1.0756255357411528,-0.018539668508951734] [0] [-1.092674290431785,-0.01704875469063221]
[-1.092674290431785,-0.01704875469063221] [0] [-1.1082462755614948,-0.015571985129709785]
[-1.1082462755614948,-0.015571985129709785] [0] [-1.1223600717750732,-0.014113796213578375]
[-1.1223600717750732,-0.014113796213578375] [0] [-1.135037154955937,-0.01267708318086374]
[-1.135037154955937,-0.01267708318086374] [2] [-1.1443005396889858,-0.009263384733048852]
[-1.1443005396889858,-0.009263384733048852] [0] [-1.15216925253927,-0.007868712850284135]
[-1.15216925253927,-0.007868712850284135] [0] [-1.1586609086954087,-0.006491656156138802]
[-1.1586609086954087,-0.006491656156138802] [0] [-1.163791038203264,-0.005130129507855126]
[-1.163791038203264,-0.005130129507855126] [2] [-1.165572547787009,-0.0017815095837450667]
[-1.165572547787009,-0.0017815095837450667] [0] [-1.1660100497801162,-0.0004375019931074065]
[-1.1660100497801162,-0.0004375019931074065] [0] [-1.1651046871218609,0.0009053626582553012]
[-1.1651046871218609,0.0009053626582553012] [1] [-1.1618540990920925,0.0032505880297683653]
[-1.1618540990920925,0.0032505880297683653] [1] [-1.156249952522105,0.00560414656998737]
[-1.156249952522105,0.00560414656998737] [1] [-1.1482784066825995,0.007971545839505496]
[-1.1482784066825995,0.007971545839505496] [2] [-1.1369209277816386,0.011357478900960949]
[-1.1369209277816386,0.011357478900960949] [2] [-1.1221534690882875,0.014767458693351164]
[-1.1221534690882875,0.014767458693351164] [2] [-1.1039489513860834,0.01820451770220413]
[-1.1039489513860834,0.01820451770220413] [2] [-1.0822805793618355,0.02166837202424787]
[-1.0822805793618355,0.02166837202424787] [2] [-1.0571260412724444,0.025154538089391068]
[-1.0571260412724444,0.025154538089391068] [0] [-1.0304726120688643,0.026653429203580103]
[-1.0304726120688643,0.026653429203580103] [2] [-1.0003223290955192,0.03015028297334501]
[-1.0003223290955192,0.03015028297334501] [2] [-0.9666967248847255,0.03362560421079379]
[-0.9666967248847255,0.03362560421079379] [2] [-0.9296436713353631,0.03705305354936236]
[-0.9296436713353631,0.03705305354936236] [1] [-0.8902444759956544,0.039399195339708704]
[-0.8902444759956544,0.039399195339708704] [2] [-0.8476173335868377,0.04262714240881672]
[-0.8476173335868377,0.04262714240881672] [1] [-0.8029250760751449,0.044692257511692854]
[-0.8029250760751449,0.044692257511692854] [2] [-0.7553745870838182,0.04755048899132667]
[-0.7553745870838182,0.04755048899132667] [2] [-0.7052225058613811,0.050152081222437125]
[-0.7052225058613811,0.050152081222437125] [2] [-0.6527746547941123,0.052447851067268764]
[-0.6527746547941123,0.052447851067268764] [2] [-0.5983820523641099,0.054392602430002435]
[-0.5983820523641099,0.054392602430002435] [2] [-0.5424332686005426,0.05594878376356721]
[-0.5424332686005426,0.05594878376356721] [2] [-0.4853433012922294,0.05708996730831325]
[-0.4853433012922294,0.05708996730831325] [2] [-0.4275396206114431,0.05780368068078626]
[-0.4275396206114431,0.05780368068078626] [2] [-0.369446453225952,0.05809316738549114]
[-0.369446453225952,0.05809316738549114] [2] [-0.31146865668117274,0.05797779654477927]
[-0.31146865668117274,0.05797779654477927] [2] [-0.25397660083021967,0.05749205585095305]
[-0.25397660083021967,0.05749205585095305] [2] [-0.19729330792814495,0.05668329290207471]
[-0.19729330792814495,0.05668329290207471] [2] [-0.14168474826376437,0.055608559664380594]
[-0.14168474826376437,0.055608559664380594] [2] [-0.0873537295127811,0.05433101875098327]
[-0.0873537295127811,0.05433101875098327] [2] [-0.03443735584722388,0.05291637366555722]
[-0.03443735584722388,0.05291637366555722] [2] [0.016992347684896762,0.05142970353212064]
[0.016992347684896762,0.05142970353212064] [2] [0.06692529883728615,0.04993295115238938]
[0.06692529883728615,0.04993295115238938] [2] [0.11540846964965462,0.04848317081236848]
[0.11540846964965462,0.04848317081236848] [2] [0.16253998966976482,0.047131520020110194]
[0.16253998966976482,0.047131520020110194] [2] [0.2084628835330138,0.04592289386324896]
[0.2084628835330138,0.04592289386324896] [2] [0.2533589382466187,0.044896054713604916]
[0.2533589382466187,0.044896054713604916] [1] [0.2964430352370213,0.043084096990402616]
[0.2964430352370213,0.043084096990402616] [1] [0.33795229918271597,0.04150926394569463]
[0.33795229918271597,0.04150926394569463] [1] [0.3781400865536045,0.040187787370888524]
[0.3781400865536045,0.040187787370888524] [1] [0.4172712291343683,0.03913114258076385]
[0.4172712291343683,0.03913114258076385] [1] [0.4556183700069604,0.038347140872592105]
[0.4556183700069604,0.038347140872592105] [1] [0.4934591847979295,0.03784081479096906]
[0.4934591847979295,0.03784081479096906] [1] [0.531074260541843,0.03761507574391356]
[-0.4783806356474718,0.0] [2] [-0.4777187325165815,0.0006619031308903227]
[-0.4777187325165815,0.0006619031308903227] [2] [-0.4763998442519056,0.0013188882646758553]
[-0.4763998442519056,0.0013188882646758553] [2] [-0.47443376625491096,0.0019660779969946484]
[-0.47443376625491096,0.0019660779969946484] [2] [-0.4718350903138559,0.0025986759410550698]
[-0.4718350903138559,0.0025986759410550698] [2] [-0.4686230835210189,0.0032120067928369904]
[-0.4686230835210189,0.0032120067928369904] [2] [-0.4648215277212078,0.0038015557998111052]
[-0.4648215277212078,0.0038015557998111052] [2] [-0.4604585203866685,0.004363007334539244]
[-0.4604585203866685,0.004363007334539244] [2] [-0.45556623818394526,0.0048922822027232665]
[-0.45556623818394526,0.0048922822027232665] [2] [-0.45018066494246256,0.005385573241482718]
[-0.45018066494246256,0.005385573241482718] [1] [-0.4453412862458261,0.004839378696636457]
[-0.4453412862458261,0.004839378696636457] [2] [-0.4400834618027142,0.005257824443111902]
[-0.4400834618027142,0.005257824443111902] [2] [-0.43444546958897673,0.005637992213737459]
[-0.43444546958897673,0.005637992213737459] [2] [-0.4284681836796516,0.005977285909325104]
[-0.4284681836796516,0.005977285909325104] [2] [-0.4221947312750213,0.006273452404630321]
[-0.4221947312750213,0.006273452404630321] [2] [-0.4156701328141912,0.006524598460830072]
[-0.4156701328141912,0.006524598460830072] [2] [-0.4089409294406987,0.006729203373492455]
[-0.4089409294406987,0.006729203373492455] [2] [-0.40205480237096924,0.006886127069729455]
[-0.40205480237096924,0.006886127069729455] [2] [-0.39506018889557304,0.0069946134753962]
[-0.39506018889557304,0.0069946134753962] [2] [-0.3880058997977168,0.007054289097856189]
[-0.3880058997977168,0.007054289097856189] [2] [-0.3809407428922992,0.007065156905417643]
[-0.3809407428922992,0.007065156905417643] [2] [-0.37391315716885476,0.007027585723444407]
[-0.37391315716885476,0.007027585723444407] [2] [-0.3669708616675572,0.0069422955012975705]
[-0.3669708616675572,0.0069422955012975705] [2] [-0.36016052274172816,0.0068103389258290506]
[-0.36016052274172816,0.0068103389258290506] [2] [-0.3535274427826041,0.006633079959124027]
[-0.3535274427826041,0.006633079959124027] [2] [-0.34711527282766186,0.006412169954942279]
[-0.34711527282766186,0.006412169954942279] [2] [-0.34096575077170554,0.006149522055956316]
[-0.34096575077170554,0.006149522055956316] [2] [-0.33511846618120483,0.005847284590500735]
[-0.33511846618120483,0.005847284590500735] [2] [-0.3296106520080206,0.005507814173184252]
[-0.3296106520080206,0.005507814173184252] [2] [-0.3244770028377651,0.005133649170255519]
[-0.3244770028377651,0.005133649170255519] [2] [-0.3197495187162831,0.004727484121482011]
[-0.3197495187162831,0.004727484121482011] [2] [-0.3154573730961943,0.004292145620088776]
[-0.3154573730961943,0.004292145620088776] [2] [-0.3116268030498523,0.003830570046342019]
[-0.3116268030498523,0.003830570046342019] [2] [-0.30828101961554893,0.0033457834343033573]
[-0.30828101961554893,0.0033457834343033573] [2] [-0.3054401359848294,0.0028408836307195692]
[-0.3054401359848294,0.0028408836307195692] [2] [-0.3031211111996461,0.0023190247851832967]
[-0.3031211111996461,0.0023190247851832967] [2] [-0.3013377071033886,0.0017834040962574963]
[-0.3013377071033886,0.0017834040962574963] [2] [-0.30010045647023836,0.0012372506331502448]
[-0.30010045647023836,0.0012372506331502448] [2] [-0.29941664051027983,0.0006838159599585369]
[-0.29941664051027983,0.0006838159599585369] [2] [-0.29929027429833216,0.0001263662119476614]
[-0.29929027429833216,0.0001263662119476614] [2] [-0.29972209908571185,-0.00043182478737968546]
[-0.29972209908571185,-0.00043182478737968546] [2] [-0.3007095809079914,-0.0009874818222795503]
[-0.3007095809079914,-0.0009874818222795503] [2] [-0.3022469153793816,-0.0015373344713902326]
[-0.3022469153793816,-0.0015373344713902326] [2] [-0.30432503904631947,-0.0020781236669378707]
[-0.30432503904631947,-0.0020781236669378707] [2] [-0.3069316481398025,-0.0026066090934830223]
[-0.3069316481398025,-0.0026066090934830223] [2] [-0.310051225998841,-0.003119577859038502]
[-0.310051225998841,-0.003119577859038502] [2] [-0.313665080817584,-0.003613854818742989]
[-0.313665080817584,-0.003613854818742989] [2] [-0.31775139567873817,-0.004086314861154173]
[-0.31775139567873817,-0.004086314861154173] [2] [-0.32228529305992565,-0.004533897381187483]
[-0.32228529305992565,-0.004533897381187483] [2] [-0.3272389161238685,-0.00495362306394285]
[-0.3272389161238685,-0.00495362306394285] [2] [-0.3325815291168688,-0.005342612993000252]
[-0.3325815291168688,-0.005342612993000252] [2] [-0.3382796390957059,-0.005698109978837108]
[-0.3382796390957059,-0.005698109978837108] [0] [-0.346297140977879,-0.008017501882173081]
[-0.346297140977879,-0.008017501882173081] [0] [-0.35658258282887034,-0.010285441850991325]
[-0.35658258282887034,-0.010285441850991325] [0] [-0.36906888840212565,-0.01248630557325529]
[-0.36906888840212565,-0.01248630557325529] [0] [-0.3836730983879008,-0.01460420998577514]
[-0.3836730983879008,-0.01460420998577514] [0] [-0.40029620050611037,-0.01662310211820958]
[-0.40029620050611037,-0.01662310211820958] [0] [-0.41882312612476397,-0.0185269256186536]
[-0.41882312612476397,-0.0185269256186536] [0] [-0.43912299290866313,-0.020299866783899154]
[-0.43912299290866313,-0.020299866783899154] [0] [-0.4610496679420127,-0.02192667503334953]
[-0.4610496679420127,-0.02192667503334953] [0] [-0.4844427130644227,-0.023393045122410038]
[-0.4844427130644227,-0.023393045122410038] [0] [-0.5091287537395303,-0.024686040675107546]
[-0.5091287537395303,-0.024686040675107546] [0] [-0.5349232854970423,-0.025794531757511962]
[-0.5349232854970423,-0.025794531757511962] [0] [-0.5616328997678176,-0.02670961427077537]
[-0.5616328997678176,-0.02670961427077537] [1] [-0.5880578766790494,-0.026424976911231777]
[-0.5880578766790494,-0.026424976911231777] [0] [-0.615002417746079,-0.0269445410670296]
[-0.615002417746079,-0.0269445410670296] [0] [-0.6422699902425496,-0.027267572496470556]
[-0.6422699902425496,-0.027267572496470556] [0] [-0.6696662111735765,-0.027396220931026897]
[-0.6696662111735765,-0.027396220931026897] [0] [-0.6970016513253335,-0.027335440151757037]
[-0.6970016513253335,-0.027335440151757037] [0] [-0.7240944385328452,-0.02709278720751164]
[-0.7240944385328452,-0.02709278720751164] [0] [-0.7507725529565795,-0.026678114423734328]
[-0.7507725529565795,-0.026678114423734328] [0] [-0.7768757292747528,-0.026103176318173216]
[-0.7768757292747528,-0.026103176318173216] [0] [-0.8022569084998259,-0.025381179225073047]
[-0.8022569084998259,-0.025381179225073047] [0] [-0.8267832123389601,-0.02452630383913422]
[-0.8267832123389601,-0.02452630383913422] [0] [-0.850336442410642,-0.023553230071681877]
[-0.850336442410642,-0.023553230071681877] [0] [-0.8728131324880801,-0.02247669007743819]
[-0.8728131324880801,-0.02247669007743819] [0] [-0.8941242023716038,-0.021311069883523708]
[-0.8941242023716038,-0.021311069883523708] [0] [-0.9141942760455408,-0.020070073673936963]
[-0.9141942760455408,-0.020070073673936963] [0] [-0.9329607343831142,-0.01876645833757341]
[-0.9329607343831142,-0.01876645833757341] [0] [-0.9503725744621669,-0.01741184007905275]
[-0.9503725744621669,-0.01741184007905275] [0] [-0.9663891446409715,-0.01601657017880454]
[-0.9663891446409715,-0.01601657017880454] [0] [-0.9809788182253274,-0.014589673584355974]
[-0.9809788182253274,-0.014589673584355974] [0] [-0.9941176601473815,-0.013138841922054072]
[-0.9941176601473815,-0.013138841922054072] [0] [-1.0057881317396404,-0.011670471592259073]
[-1.0057881317396404,-0.011670471592259073] [0] [-1.0159778693608181,-0.010189737621177693]
[-1.0159778693608181,-0.010189737621177693] [0] [-1.0246785639899,-0.008700694629082018]
[-1.0246785639899,-0.008700694629082018] [0] [-1.0318849613783938,-0.007206397388493721]
[-1.0318849613783938,-0.007206397388493721] [2] [-1.0355939961513654,-0.0037090347729715123]
[-1.0355939961513654,-0.0037090347729715123] [0] [-1.037804545499392,-0.002210549348026615]
[-1.037804545499392,-0.002210549348026615] [0] [-1.038516087352996,-0.0007115418536038187]
[-1.038516087352996,-0.0007115418536038187] [0] [-1.037728477046586,0.0007876103064099293]
[-1.037728477046586,0.0007876103064099293] [2] [-1.0334418753852037,0.004286601661382389]
[-1.0334418753852037,0.004286601661382389] [2] [-1.0256574021311864,0.0077844732540172665]
[-1.0256574021311864,0.0077844732540172665] [2] [-1.014378146813779,0.01127925531740757]
[-1.014378146813779,0.01127925531740757] [2] [-0.9996109992352441,0.014767147578534763]
[-0.9996109992352441,0.014767147578534763] [2] [-0.981369283818879,0.018241715416365097]
[-0.981369283818879,0.018241715416365097] [2] [-0.9596761604776777,0.021693123341201333]
[-0.9596761604776777,0.021693123341201333] [2] [-0.9345687181288049,0.025107442348872792]
[-0.9345687181288049,0.025107442348872792] [2] [-0.9061026323183055,0.028466085810499482]
[-0.9061026323183055,0.028466085810499482] [2] [-0.8743571849504871,0.03174544736781835]
[-0.8743571849504871,0.03174544736781835] [2] [-0.8394403549150492,0.03491683003543788]
[-0.8394403549150492,0.03491683003543788] [2] [-0.8014935918888167,0.03794676302623245]
[-0.8014935918888167,0.03794676302623245] [2] [-0.760695796607702,0.040797795281114664]
[-0.760695796607702,0.040797795281114664] [2] [-0.7172659705253944,0.04342982608230763]
[-0.7172659705253944,0.04342982608230763] [2] [-0.6714639908180094,0.04580197970738498]
[-0.6714639908180094,0.04580197970738498] [2] [-0.6235890364330378,0.04787495438497164]
[-0.6235890364330378,0.04787495438497164] [2] [-0.5739753513130778,0.04961368511996005]
[-0.5739753513130778,0.04961368511996005] [2] [-0.5229852784971187,0.050990072815958985]
[-0.5229852784971187,0.050990072815958985] [2] [-0.47099980690682086,0.051985471590297844]
[-0.47099980690682086,0.051985471590297844] [2] [-0.4184071924847915,0.05259261442202934]
[-0.4184071924847915,0.05259261442202934] [2] [-0.3655904852868056,0.052816707197985896]
[-0.3655904852868056,0.052816707197985896] [2] [-0.3129149557255686,0.05267552956123701]
[-0.3129149557255686,0.05267552956123701] [2] [-0.2607164290465311,0.052198526679037495]
[-0.2607164290465311,0.052198526679037495] [2] [-0.2092914032368834,0.0514250258096477]
[-0.2092914032368834,0.0514250258096477] [2] [-0.1588895726268437,0.0504018306100397]
[-0.1588895726268437,0.0504018306100397] [2] [-0.10970906280421028,0.04918050982263341]
[-0.10970906280421028,0.04918050982263341] [2] [-0.06189436501071419,0.047814697793496085]
[-0.06189436501071419,0.047814697793496085] [2] [-0.015536693138089364,0.04635767187262483]
[-0.015536693138089364,0.04635767187262483] [2] [0.02932369386730877,0.044860387005398135]
[0.02932369386730877,0.044860387005398135] [2] [0.07269374827469435,0.04337005440738559]
[0.07269374827469435,0.04337005440738559] [2] [0.11462301672745352,0.04192926845275917]
[0.11462301672745352,0.04192926845275917] [2] [0.15519864184482418,0.04057562511737066]
[0.15519864184482418,0.04057562511737066] [2] [0.194540381511408,0.039341739666583844]
[0.194540381511408,0.039341739666583844] [2] [0.23279593943739676,0.038255557925988753]
[0.23279593943739676,0.038255557925988753] [2] [0.27013679789130784,0.03734085845391109]
[0.27013679789130784,0.03734085845391109] [2] [0.30675465351516407,0.036617855623856235]
[0.30675465351516407,0.036617855623856235] [1] [0.3418584838187629,0.03510383030359881]
[0.3418584838187629,0.03510383030359881] [1] [0.37566579673639383,0.03380731291763097]
[0.37566579673639383,0.03380731291763097] [1] [0.40839967596043775,0.03273387922404393]
[0.40839967596043775,0.03273387922404393] [1] [0.44028665838390346,0.03188698242346574]
[0.44028665838390346,0.03188698242346574] [1] [0.47155528508469446,0.031268626700791]
[0.47155528508469446,0.031268626700791] [1] [0.5024351694871741,0.03087988440247965]
[-0.5164371007536177,0.0] [2] [-0.5154908091827056,0.0009462915709121142]
[-0.5154908091827056,0.0009462915709121142] [2] [-0.513605321363719,0.0018854878189867173]
[-0.513605321363719,0.0018854878189867173] [2] [-0.5107947732240736,0.002810548139645283]
[-0.5107947732240736,0.002810548139645283] [2] [-0.5070802314888787,0.0037145417351949215]
[-0.5070802314888787,0.0037145417351949215] [2] [-0.502489528133741,0.004590703355137635]
[-0.502489528133741,0.004590703355137635] [2] [-0.4970570383350692,0.005432489798671844]
[-0.4970570383350692,0.005432489798671844] [2] [-0.49082340128349167,0.006233637051577539]
[-0.49082340128349167,0.006233637051577539] [2] [-0.4838351836392199,0.006988217644271773]
[-0.4838351836392199,0.006988217644271773] [2] [-0.47614448612846455,0.007690697510755366]
[-0.47614448612846455,0.007690697510755366] [2] [-0.46780849480025516,0.008335991328209393]
[-0.46780849480025516,0.008335991328209393] [2] [-0.45888897974612725,0.008919515054127936]
[-0.45888897974612725,0.008919515054127936] [2] [-0.44945174556531764,0.009437234180809592]
[-0.44945174556531764,0.009437234180809592] [2] [-0.43956603944478273,0.009885706120534925]
[-0.43956603944478273,0.009885706120534925] [2] [-0.429303924307769,0.010262115137013778]
[-0.429303924307769,0.010262115137013778] [2] [-0.41873962594869624,0.01056429835907276]
[-0.41873962594869624,0.01056429835907276] [2] [-0.407948864298552,0.01079076165014424]
[-0.407948864298552,0.01079076165014424] [2] [-0.3970081798483483,0.010940684450203707]
[-0.3970081798483483,0.010940684450203707] [2] [-0.3859942667147581,0.011013913133590191]
[-0.3859942667147581,0.011013913133590191] [2] [-0.3749833238081074,0.011010942906650728]
[-0.3749833238081074,0.011010942906650728] [2] [-0.36405043504001083,0.010932888768096545]
[-0.36405043504001083,0.010932888768096545] [2] [-0.35326898850468663,0.010781446535324183]
[-0.35326898850468663,0.010781446535324183] [2] [-0.34271014313797077,0.01055884536671588]
[-0.34271014313797077,0.01055884536671588] [2] [-0.3324423495844762,0.010267793553494548]
[-0.3324423495844762,0.010267793553494548] [2] [-0.3225309299909026,0.009911419593573603]
[-0.3225309299909026,0.009911419593573603] [2] [-0.31303771930869057,0.009493210682212042]
[-0.31303771930869057,0.009493210682212042] [2] [-0.3040207685502459,0.009016950758444643]
[-0.3040207685502459,0.009016950758444643] [2] [-0.29553410841044464,0.008486660139801273]
[-0.29553410841044464,0.008486660139801273] [2] [-0.2876275698344936,0.007906538575951047]
[-0.2876275698344936,0.007906538575951047] [2] [-0.28034665655942054,0.007280913275073084]
[-0.28034665655942054,0.007280913275073084] [2] [-0.27373246343127794,0.006614193128142614]
[-0.27373246343127794,0.006614193128142614] [2] [-0.267821633431915,0.005910829999362956]
[-0.267821633431915,0.005910829999362956] [2] [-0.26264634584461505,0.005175287587299963]
[-0.26264634584461505,0.005175287587299963] [2] [-0.25823432783539935,0.0044120180092157195]
[-0.25823432783539935,0.0044120180092157195] [2] [-0.2546088819005725,0.003625445934826845]
[-0.2546088819005725,0.003625445934826845] [2] [-0.2517889220955679,0.002819959805004617]
[-0.2517889220955679,0.002819959805004617] [2] [-0.2497890126741267,0.001999909421441211]
[-0.2497890126741267,0.001999909421441211] [2] [-0.24861940368691138,0.0011696089872153302]
[-0.24861940368691138,0.0011696089872153302] [2] [-0.2482860591717971,0.00033334451511427064]
[-0.2482860591717971,0.00033334451511427064] [2] [-0.2487906747732704,-0.0005046156014733147]
[-0.2487906747732704,-0.0005046156014733147] [2] [-0.25013068291718826,-0.0013400081439178596]
[-0.25013068291718826,-0.0013400081439178596] [2] [-0.2522992450036678,-0.002168562086479557]
[-0.2522992450036678,-0.002168562086479557] [2] [-0.2552852314308139,-0.0029859864271461183]
[-0.2552852314308139,-0.0029859864271461183] [2] [-0.25907319159158326,-0.003787960160769357]
[-0.25907319159158326,-0.003787960160769357] [0] [-0.26564331726080154,-0.006570125669218279]
[-0.26564331726080154,-0.006570125669218279] [0] [-0.2749607072809693,-0.009317390020167734]
[-0.2749607072809693,-0.009317390020167734] [0] [-0.28697470617125737,-0.012013998890288095]
[-0.28697470617125737,-0.012013998890288095] [0] [-0.30161804719487467,-0.014643341023617293]
[-0.30161804719487467,-0.014643341023617293] [0] [-0.3188058889187154,-0.017187841723840736]
[-0.3188058889187154,-0.017187841723840736] [0] [-0.3384348579349685,-0.019628969016253082]
[-0.3384348579349685,-0.019628969016253082] [0] [-0.36038222989511204,-0.021947371960143524]
[-0.36038222989511204,-0.021947371960143524] [0] [-0.3845053936617585,-0.024123163766646447]
[-0.3845053936617585,-0.024123163766646447] [0] [-0.4106417461261955,-0.026136352464436952]
[-0.4106417461261955,-0.026136352464436952] [0] [-0.43860915507363124,-0.02796740894743579]
[-0.43860915507363124,-0.02796740894743579] [0] [-0.4682071022135675,-0.02959794713993622]
[-0.4682071022135675,-0.02959794713993622] [0] [-0.49921857755045984,-0.031011475336892348]
[-0.49921857755045984,-0.031011475336892348] [0] [-0.5314127413875577,-0.032194163837097806]
[-0.5314127413875577,-0.032194163837097806] [0] [-0.5645483058485266,-0.03313556446096892]
[-0.5645483058485266,-0.03313556446096892] [0] [-0.5983775207513423,-0.03382921490281576]
[-0.5983775207513423,-0.03382921490281576] [0] [-0.6326505874559885,-0.03427306670464611]
[-0.6326505874559885,-0.03427306670464611] [0] [-0.6671202775540759,-0.034469690098087404]
[-0.6671202775540759,-0.034469690098087404] [0] [-0.7015465080209647,-0.03442623046688891]
[-0.7015465080209647,-0.03442623046688891] [0] [-0.7357006246443103,-0.034154116623345554]
[-0.7357006246443103,-0.034154116623345554] [0] [-0.7693691710986937,-0.03366854645438342]
[-0.7693691710986937,-0.03366854645438342] [0] [-0.802356967872234,-0.03298779677354024]
[-0.802356967872234,-0.03298779677354024] [0] [-0.8344893862035782,-0.032132418331344184]
[-0.8344893862035782,-0.032132418331344184] [0] [-0.8656137685609642,-0.031124382357386012]
[-0.8656137685609642,-0.031124382357386012] [0] [-0.8956000104931323,-0.02998624193216811]
[-0.8956000104931323,-0.02998624193216811] [0] [-0.9243403720662254,-0.028740361573093152]
[-0.9243403720662254,-0.028740361573093152] [0] [-0.9517486262684577,-0.027408254202232207]
[-0.9517486262684577,-0.027408254202232207] [0] [-0.9777586751539702,-0.02601004888551251]
[-0.9777586751539702,-0.02601004888551251] [0] [-1.002322772928614,-0.0245640977746437]
[-1.002322772928614,-0.0245640977746437] [0] [-1.0254094911478107,-0.023086718219196743]
[-1.0254094911478107,-0.023086718219196743] [0] [-1.0470015480608723,-0.021592056913061573]
[-1.0470015480608723,-0.021592056913061573] [0] [-1.0670936054061277,-0.02009205734525539]
[-1.0670936054061277,-0.02009205734525539] [0] [-1.0856901147753348,-0.01859650936920719]
[-1.0856901147753348,-0.01859650936920719] [0] [-1.102803274500678,-0.01711315972534308]
[-1.102803274500678,-0.01711315972534308] [0] [-1.1184511385948013,-0.01564786409412322]
[-1.1184511385948013,-0.01564786409412322] [0] [-1.1326559026085201,-0.014204764013718854]
[-1.1326559026085201,-0.014204764013718854] [2] [-1.1434423777975788,-0.01078647518905872]
[-1.1434423777975788,-0.01078647518905872] [0] [-1.1528323405206404,-0.009389962723061557]
[-1.1528323405206404,-0.009389962723061557] [0] [-1.160846791617155,-0.008014451096514512]
[-1.160846791617155,-0.008014451096514512] [0] [-1.1675051472401985,-0.006658355623043609]
[-1.1675051472401985,-0.006658355623043609] [0] [-1.1728245744863246,-0.005319427246126057]
[-1.1728245744863246,-0.005319427246126057] [2] [-1.1748194592528618,-0.0019948847665371447]
[-1.1748194592528618,-0.0019948847665371447] [2] [-1.1734953493493765,0.0013241099034853494]
[-1.1734953493493765,0.0013241099034853494] [1] [-1.169848553122067,0.0036467962273094307]
[-1.169848553122067,0.0036467962273094307] [1] [-1.1638690928535627,0.005979460268504358]
[-1.1638690928535627,0.005979460268504358] [2] [-1.1545412133403672,0.009327879513195518]
[-1.1545412133403672,0.009327879513195518] [2] [-1.1418418473762901,0.012699365964077015]
[-1.1418418473762901,0.012699365964077015] [2] [-1.125742578580856,0.01609926879543416]
[-1.125742578580856,0.01609926879543416] [2] [-1.106212394108431,0.01953018447242493]
[-1.106212394108431,0.01953018447242493] [2] [-1.0832212883561645,0.022991105752266577]
[-1.0832212883561645,0.022991105752266577] [2] [-1.0567447676336923,0.026476520722472287]
[-1.0567447676336923,0.026476520722472287] [2] [-1.0267692722712156,0.02997549536247674]
[-1.0267692722712156,0.02997549536247674] [1] [-0.9942984702285432,0.03247080204267237]
[-0.9942984702285432,0.03247080204267237] [1] [-0.959359083189641,0.034939387038902245]
[-0.959359083189641,0.034939387038902245] [1] [-0.9220059954841363,0.03735308770550469]
[-0.9220059954841363,0.03735308770550469] [2] [-0.8813271653199026,0.04067883016423372]
[-0.8813271653199026,0.04067883016423372] [1] [-0.8384515218335441,0.04287564348635851]
[-0.8384515218335441,0.04287564348635851] [1] [-0.7935502831067396,0.04490123872680454]
[-0.7935502831067396,0.04490123872680454] [2] [-0.7458385772293966,0.04771170587734299]
[-0.7458385772293966,0.04771170587734299] [2] [-0.6955808432307781,0.05025773399861858]
[-0.6955808432307781,0.05025773399861858] [2] [-0.6430897139773457,0.052491129253432335]
[-0.6430897139773457,0.052491129253432335] [2] [-0.5887214733850009,0.05436824059234475]
[-0.5887214733850009,0.05436824059234475] [2] [-0.5328679136952552,0.055853559689745744]
[-0.5328679136952552,0.055853559689745744] [2] [-0.47594484442866375,0.05692306926659148]
[-0.47594484442866375,0.05692306926659148] [2] [-0.4183779634461105,0.05756688098255325]
[-0.4183779634461105,0.05756688098255325] [2] [-0.36058719807702866,0.05779076536908187]
[-0.36058719807702866,0.05779076536908187] [2] [-0.3029708676626377,0.05761633041439095]
[-0.3029708676626377,0.05761633041439095] [2] [-0.24589104697442385,0.05707982068821384]
[-0.24589104697442385,0.05707982068821384] [2] [-0.18966131511402734,0.05622973186039651]
[-0.18966131511402734,0.05622973186039651] [2] [-0.1345377053440039,0.05512360977002345]
[-0.1345377053440039,0.05512360977002345] [2] [-0.08071321550240579,0.0538244898415981]
[-0.08071321550240579,0.0538244898415981] [2] [-0.02831579354133667,0.05239742196106912]
[-0.02831579354133667,0.05239742196106912] [2] [0.022590643068767506,0.050906436610104175]
[0.022590643068767506,0.050906436610104175] [2] [0.07200281877469718,0.04941217570592967]
[0.07200281877469718,0.04941217570592967] [2] [0.11997309261588857,0.04797027384119138]
[0.11997309261588857,0.04797027384119138] [2] [0.16660355331467233,0.04663046069878377]
[0.16660355331467233,0.04663046069878377] [2] [0.21203983071191201,0.04543627739723969]
[0.21203983071191201,0.04543627739723969] [2] [0.25646509027273506,0.04442525956082303]
[0.25646509027273506,0.04442525956082303] [1] [0.29909452105453427,0.04262943078179919]
[0.29909452105453427,0.04262943078179919] [1] [0.3401646130106125,0.04107009195607822]
[0.3401646130106125,0.04107009195607822] [1] [0.37992734225856645,0.039762729247953925]
[0.37992734225856645,0.039762729247953925] [1] [0.41864559012699737,0.03871824786843092]
[0.41864559012699737,0.03871824786843092] [1] [0.45658963065812963,0.03794404053113225]
[0.45658963065812963,0.03794404053113225] [1] [0.4940344807385456,0.03744485008041597]
[0.4940344807385456,0.03744485008041597] [1] [0.5312578891999314,0.037223408461385846]
[-0.42127099564794657,0.0] [2] [-0.4210264566129962,0.00024453903495038113]
[-0.4210264566129962,0.00024453903495038113] [2] [-0.4205391266399804,0.00048732997301583077]
[-0.4205391266399804,0.00048732997301583077] [1] [-0.4208124882100979,-0.0002733615701175241]
[-0.4208124882100979,-0.0002733615701175241] [2] [-0.4208445880694138,-3.209985931588424e-05]
[-0.4208445880694138,-3.209985931588424e-05] [2] [-0.4206351968208877,0.00020939124852616575]
[-0.4206351968208877,0.00020939124852616575] [0] [-0.4221858107222348,-0.001550613901347118]
[-0.4221858107222348,-0.001550613901347118] [2] [-0.4234853423992388,-0.0012995316770039965]
[-0.4234853423992388,-0.0012995316770039965] [2] [-0.42452448730165854,-0.0010391449024197523]
[-0.42452448730165854,-0.0010391449024197523] [2] [-0.4252957971340027,-0.000771309832344133]
[-0.4252957971340027,-0.000771309832344133] [2] [-0.42579373876161447,-0.0004979416276118105]
[-0.42579373876161447,-0.0004979416276118105] [2] [-0.4260147380390968,-0.00022099927748232275]
[-0.4260147380390968,-0.00022099927748232275] [2] [-0.4259572081515182,5.752988757855022e-05]
[-0.4259572081515182,5.752988757855022e-05] [2] [-0.42562156220447595,0.0003356459470422968]
[-0.42562156220447595,0.0003356459470422968] [2] [-0.42501020994601063,0.0006113522584652879]
[-0.42501020994601063,0.0006113522584652879] [2] [-0.42412753865082425,0.0008826712951863974]
[-0.42412753865082425,0.0008826712951863974] [2] [-0.4229798783445672,0.0011476603062570913]
[-0.4229798783445672,0.0011476603062570913] [2] [-0.42157545169245225,0.0014044266521149478]
[-0.42157545169245225,0.0014044266521149478] [2] [-0.4199243090212946,0.0016511426711576702]
[-0.4199243090212946,0.0016511426711576702] [2] [-0.41803824908624054,0.0018860599350540188]
[-0.41803824908624054,0.0018860599350540188] [2] [-0.4159307263316178,0.0021075227546227134]
[-0.4159307263316178,0.0021075227546227134] [2] [-0.41361674552788097,0.002313980803736876]
[-0.41361674552788097,0.002313980803736876] [2] [-0.41111274479159693,0.0025040007362840486]
[-0.41111274479159693,0.0025040007362840486] [2] [-0.4084364681105945,0.0026762766810024376]
[-0.4084364681105945,0.0026762766810024376] [2] [-0.40560682859937935,0.0028296395112151155]
[-0.40560682859937935,0.0028296395112151155] [2] [-0.4026437637982048,0.002963064801174519]
[-0.4026437637982048,0.002963064801174519] [2] [-0.3995680844003548,0.003075679397850017]
[-0.3995680844003548,0.003075679397850017] [2] [-0.39640131784402693,0.003166766556327885]
[-0.39640131784402693,0.003166766556327885] [2] [-0.3931655482358521,0.003235769608174827]
[-0.3931655482358521,0.003235769608174827] [2] [-0.38988325408122776,0.003282294154624336]
[-0.38988325408122776,0.003282294154624336] [2] [-0.38657714528159304,0.0033061087996347164]
[-0.38657714528159304,0.0033061087996347164] [2] [-0.3832700008205938,0.0033071444609992107]
[-0.3832700008205938,0.0033071444609992107] [2] [-0.37998450850062393,0.0032854923199698836]
[-0.37998450850062393,0.0032854923199698836] [2] [-0.3767431080101368,0.0032414004904871823]
[-0.3767431080101368,0.0032414004904871823] [2] [-0.37356783850281117,0.003175269507325584]
[-0.37356783850281117,0.003175269507325584] [2] [-0.3704801917552148,0.003087646747596361]
[-0.3704801917552148,0.003087646747596361] [2] [-0.36750097184367475,0.0029792199115400283]
[-0.36750097184367475,0.0029792199115400283] [2] [-0.3646501621476758,0.002850809695998908]
[-0.3646501621476758,0.002850809695998908] [2] [-0.3619468003505075,0.0027033617971682867]
[-0.3619468003505075,0.0027033617971682867] [2] [-0.35940886197235206,0.002537938378155453]
[-0.35940886197235206,0.002537938378155453] [2] [-0.3570531528406619,0.0023557091316901415]
[-0.3570531528406619,0.0023557091316901415] [2] [-0.35489521078129727,0.0021579420593646316]
[-0.35489521078129727,0.0021579420593646316] [2] [-0.3529492167047674,0.0019459940765298622]
[-0.3529492167047674,0.0019459940765298622] [2] [-0.35122791516771085,0.001721301537056555]
[-0.35122791516771085,0.001721301537056555] [2] [-0.3497425444124067,0.0014853707553041235]
[-0.3497425444124067,0.0014853707553041235] [2] [-0.3485027758278044,0.001239768584602306]
[-0.3485027758278044,0.001239768584602306] [2] [-0.347516662734661,0.000986113093143446]
[-0.347516662734661,0.000986113093143446] [2] [-0.3467905983744601,0.0007260643602008845]
[-0.3467905983744601,0.0007260643602008845] [2] [-0.3463292829756749,0.00046131539878520246]
[-0.3463292829756749,0.00046131539878520246] [2] [-0.3461356997797624,0.0001935831959124863]
[-0.3461356997797624,0.0001935831959124863] [2] [-0.3462110999305769,-7.540015081451386e-05]
[-0.3462110999305769,-7.540015081451386e-05] [2] [-0.346554996161707,-0.0003438962311300936]
[-0.346554996161707,-0.0003438962311300936] [2] [-0.3471651652532539,-0.0006101690915469543]
[-0.3471651652532539,-0.0006101690915469543] [2] [-0.34803765926921554,-0.000872494015961625]
[-0.34803765926921554,-0.000872494015961625] [2] [-0.34916682562525775,-0.0011291663560421845]
[-0.34916682562525775,-0.0011291663560421845] [2] [-0.35054533607062344,-0.0013785104453656746]
[-0.35054533607062344,-0.0013785104453656746] [2] [-0.3521642246938005,-0.0016188886231770236]
[-0.3521642246938005,-0.0016188886231770236] [2] [-0.35401293507621373,-0.0018487103824132527]
[-0.35401293507621373,-0.0018487103824132527] [2] [-0.3560793767189284,-0.0020664416427146892]
[-0.3560793767189284,-0.0020664416427146892] [2] [-0.35834999085201,-0.0022706141330816154]
[-0.35834999085201,-0.0022706141330816154] [2] [-0.36080982570329095,-0.0024598348512809114]
[-0.36080982570329095,-0.0024598348512809114] [2] [-0.3634426212520817,-0.0026327955487907553]
[-0.3634426212520817,-0.0026327955487907553] [2] [-0.36623090342385395,-0.0027882821717722557]
[-0.36623090342385395,-0.0027882821717722557] [2] [-0.36915608759493157,-0.0029251841710776394]
[-0.36915608759493157,-0.0029251841710776394] [2] [-0.3721985911733695,-0.0030425035784379436]
[-0.3721985911733695,-0.0030425035784379436] [2] [-0.3753379549058362,-0.003139363732466687]
[-0.3753379549058362,-0.003139363732466687] [2] [-0.3785529724334733,-0.0032150175276370744]
[-0.3785529724334733,-0.0032150175276370744] [2] [-0.38182182748596516,-0.0032688550524918782]
[-0.38182182748596516,-0.0032688550524918782] [2] [-0.38512223796640105,-0.0033004104804359126]
[-0.38512223796640105,-0.0033004104804359126] [2] [-0.3884316060441821,-0.0033093680777810403]
[-0.3884316060441821,-0.0033093680777810403] [2] [-0.39172717324350115,-0.0032955671993190683]
[-0.39172717324350115,-0.0032955671993190683] [2] [-0.39498617939495595,-0.003259006151454801]
[-0.39498617939495595,-0.003259006151454801] [2] [-0.39818602421147775,-0.0031998448165218214]
[-0.39818602421147775,-0.0031998448165218214] [2] [-0.40130443016031925,-0.0031184059488414753]
[-0.40130443016031925,-0.0031184059488414753] [2] [-0.40431960523306465,-0.003015175072745405]
[-0.40431960523306465,-0.003015175072745405] [2] [-0.4072104041674995,-0.002890798934434822]
[-0.4072104041674995,-0.002890798934434822] [2] [-0.4099564866499062,-0.002746082482406725]
[-0.4099564866499062,-0.002746082482406725] [2] [-0.4125384710243427,-0.0025819843744365346]
[-0.4125384710243427,-0.0025819843744365346] [2] [-0.41493808205634286,-0.002399611032000162]
[-0.41493808205634286,-0.002399611032000162] [2] [-0.4171382913411982,-0.002200209284855331]
[-0.4171382913411982,-0.002200209284855331] [2] [-0.4191234490099026,-0.001985157668704417]
[-0.4191234490099026,-0.001985157668704417] [2] [-0.4208794054668939,-0.0017559564569912972]
[-0.4208794054668939,-0.0017559564569912972] [0] [-0.4243936219905535,-0.0035142165236596275]
[-0.4243936219905535,-0.0035142165236596275] [2] [-0.4276409418426314,-0.003247319852077891]
[-0.4276409418426314,-0.003247319852077891] [2] [-0.43059804638399957,-0.0029571045413681785]
[-0.43059804638399957,-0.0029571045413681785] [2] [-0.43324364232076057,-0.002645595936760997]
[-0.43324364232076057,-0.002645595936760997] [2] [-0.4355586334736864,-0.002314991152925822]
[-0.4355586334736864,-0.002314991152925822] [2] [-0.4375262753692007,-0.001967641895514275]
[-0.4375262753692007,-0.001967641895514275] [2] [-0.4391323111520178,-0.001606035782817085]
[-0.4391323111520178,-0.001606035782817085] [2] [-0.4403650875294847,-0.0012327763774669367]
[-0.4403650875294847,-0.0012327763774669367] [2] [-0.4412156496709537,-0.0008505621414690202]
[-0.4412156496709537,-0.0008505621414690202] [2] [-0.4416778141987007,-0.00046216452774702635]
[-0.4416778141987007,-0.00046216452774702635] [2] [-0.44174821961787203,-7.040541917130655e-05]
[-0.44174821961787203,-7.040541917130655e-05] [2] [-0.44142635374082523,0.00032186587704679723]
[-0.44142635374082523,0.00032186587704679723] [2] [-0.4407145578662628,0.0007117958745624614]
[-0.4407145578662628,0.0007117958745624614] [2] [-0.4396180076767836,0.0010965501894791684]
[-0.4396180076767836,0.0010965501894791684] [2] [-0.4381446710214156,0.0014733366553680415]
[-0.4381446710214156,0.0014733366553680415] [2] [-0.43630524295392265,0.0018394280674929068]
[-0.43630524295392265,0.0018394280674929068] [2] [-0.4341130586044666,0.0021921843494560702]
[-0.4341130586044666,0.0021921843494560702] [2] [-0.4315839846721,0.002529073932366589]
[-0.4315839846721,0.002529073932366589] [2] [-0.42873629053813633,0.0028476941339637004]
[-0.42873629053813633,0.0028476941339637004] [2] [-0.42559050021401684,0.003145790324119478]
[-0.42559050021401684,0.003145790324119478] [2] [-0.42216922654890704,0.0034212736651097935]
[-0.42216922654890704,0.0034212736651097935] [2] [-0.4184969893276447,0.003672237221262375]
[-0.4184969893276447,0.003672237221262375] [2] [-0.41460001908346106,0.0038969702441835987]
[-0.41460001908346106,0.0038969702441835987] [2] [-0.41050604862589557,0.0040939704575654635]
[-0.41050604862589557,0.0040939704575654635] [2] [-0.406244094435867,0.0042619541900285746]
[-0.406244094435867,0.0042619541900285746] [2] [-0.40184423020031224,0.004399864235554756]
[-0.40184423020031224,0.004399864235554756] [2] [-0.39733735484201355,0.004506875358298681]
[-0.39733735484201355,0.004506875358298681] [2] [-0.39275495744106603,0.0045823974009474916]
[-0.39275495744106603,0.0045823974009474916] [2] [-0.3881288814391815,0.004626076001884529]
[-0.3881288814391815,0.004626076001884529] [2] [-0.3834910904647668,0.004637790974414677]
[-0.3834910904647668,0.004637790974414677] [2] [-0.37887343801557694,0.00461765244918989]
[-0.37887343801557694,0.00461765244918989] [2] [-0.3743074430889819,0.004565994926595036]
[-0.3743074430889819,0.004565994926595036] [2] [-0.3698240736618637,0.004483369427118203]
[-0.3698240736618637,0.004483369427118203] [2] [-0.3654535396991428,0.004370533962720924]
[-0.3654535396991428,0.004370533962720924] [2] [-0.3612250971198066,0.004228442579336177]
[-0.3612250971198066,0.004228442579336177] [2] [-0.35716686388114793,0.004058233238658672]
[-0.35716686388114793,0.004058233238658672] [2] [-0.3533056490655152,0.003861214815632746]
[-0.3533056490655152,0.003861214815632746] [2] [-0.34966679557923946,0.0036388534862757493]
[-0.34966679557923946,0.0036388534862757493] [2] [-0.34627403681025004,0.0033927587689894295]
[-0.34627403681025004,0.0033927587689894295] [2] [-0.34314936734818724,0.003124669462062816]
[-0.34314936734818724,0.003124669462062816] [2] [-0.3403129276563759,0.00283643969181135]
[-0.3403129276563759,0.00283643969181135] [2] [-0.3377829024051785,0.0025300252511974144]
[-0.3377829024051785,0.0025300252511974144] [2] [-0.33557543203565166,0.002207470369526862]
[-0.33557543203565166,0.002207470369526862] [2] [-0.33370453702392333,0.00187089501172832]
[-0.33370453702392333,0.00187089501172832] [2] [-0.3321820542612804,0.001522482762642934]
[-0.3321820542612804,0.001522482762642934] [2] [-0.3310175849518024,0.0011644693094780077]
[-0.3310175849518024,0.0011644693094780077] [2] [-0.33021845345601486,0.0007991314957875287]
[-0.33021845345601486,0.0007991314957875287] [2] [-0.32978967657147085,0.0004287768845440316]
[-0.32978967657147085,0.0004287768845440316] [2] [-0.32973394283411156,5.573373735927919e-05]
[-0.32973394283411156,5.573373735927919e-05] [2] [-0.3300516015413501,-0.00031765870723852747]
[-0.3300516015413501,-0.00031765870723852747] [2] [-0.3307406613318893,-0.0006890597905391768]
[-0.3307406613318893,-0.0006890597905391768] [2] [-0.33179679830059594,-0.0010561369687066768]
[-0.33179679830059594,-0.0010561369687066768] [2] [-0.3332133737712715,-0.0014165754706755576]
[-0.3332133737712715,-0.0014165754706755576] [2] [-0.3349814619878123,-0.0017680882165407635]
[-0.3349814619878123,-0.0017680882165407635] [2] [-0.33708988810719154,-0.0021084261193792374]
[-0.33708988810719154,-0.0021084261193792374] [2] [-0.33952527697854934,-0.0024353888713578246]
[-0.33952527697854934,-0.0024353888713578246] [2] [-0.34227211326482065,-0.002746836286271302]
[-0.34227211326482065,-0.002746836286271302] [2] [-0.3453128135011293,-0.003040700236308669]
[-0.3453128135011293,-0.003040700236308669] [2] [-0.34862781068322657,-0.003314997182097293]
[-0.34862781068322657,-0.003314997182097293] [2] [-0.352195651936599,-0.0035678412533724307]
[-0.352195651936599,-0.0035678412533724307] [2] [-0.3559931097311958,-0.0037974577945968013]
[-0.3559931097311958,-0.0037974577945968013] [2] [-0.3599953069784747,-0.004002197247278906]
[-0.3599953069784747,-0.004002197247278906] [2] [-0.36417585617892345,-0.004180549200448763]
[-0.36417585617892345,-0.004180549200448763] [2] [-0.3685070125835017,-0.00433115640457824]
[-0.3685070125835017,-0.00433115640457824] [2] [-0.37295984109741875,-0.004452828513917063]
[-0.37295984109741875,-0.004452828513917063] [2] [-0.37750439639671857,-0.004544555299299816]
[-0.37750439639671857,-0.004544555299299816] [2] [-0.3821099154559397,-0.004605519059221153]
[-0.3821099154559397,-0.004605519059221153] [2] [-0.38674502140819705,-0.004635105952257353]
[-0.38674502140819705,-0.004635105952257353] [2] [-0.39137793738736343,-0.004632915979166355]
[-0.39137793738736343,-0.004632915979166355] [2] [-0.3959767087455286,-0.004598771358165184]
[-0.3959767087455286,-0.004598771358165184] [2] [-0.4005094318069217,-0.004532723061393106]
[-0.4005094318069217,-0.004532723061393106] [2] [-0.4049444871202825,-0.004435055313360789]
[-0.4049444871202825,-0.004435055313360789] [2] [-0.4092507750120496,-0.0043062878917670645]
[-0.4092507750120496,-0.0043062878917670645] [2] [-0.41339795112764993,-0.0041471761156003486]
[-0.41339795112764993,-0.0041471761156003486] [2] [-0.41735665958052354,-0.003958708452873623]
[-0.41735665958052354,-0.003958708452873623] [2] [-0.42109876130905133,-0.0037421017285278186]
[-0.42109876130905133,-0.0037421017285278186] [2] [-0.4245975552689491,-0.0034987939598977607]
[-0.4245975552689491,-0.0034987939598977607] [2] [-0.4278279901597381,-0.0032304348907889993]
[-0.4278279901597381,-0.0032304348907889993] [2] [-0.43076686449384766,-0.0029388743341095484]
[-0.43076686449384766,-0.0029388743341095484] [2] [-0.4333930129598527,-0.00262614846600509]
[-0.4333930129598527,-0.00262614846600509] [2] [-0.4356874772007585,-0.00229446424090578]
[-0.4356874772007585,-0.00229446424090578] [2] [-0.4376336593174093,-0.0019461821166507805]
[-0.4376336593174093,-0.0019461821166507805] [2] [-0.439217456609639,-0.0015837972922297626]
[-0.439217456609639,-0.0015837972922297626] [2] [-0.44042737627803596,-0.0012099196683969665]
[-0.44042737627803596,-0.0012099196683969665] [2] [-0.4412546290225545,-0.0008272527445185631]
[-0.4412546290225545,-0.0008272527445185631] [2] [-0.4416932006873086,-0.00043857166475408545]
[-0.4416932006873086,-0.00043857166475408545] [2] [-0.4417399013116735,-4.670062436489648e-05]
[-0.4417399013116735,-4.670062436489648e-05] [2] [-0.4413943911555187,0.0003455101561548043]
[-0.4413943911555187,0.0003455101561548043] [2] [-0.4406591834712811,0.0007352076842376438]
[-0.4406591834712811,0.0007352076842376438] [2] [-0.439539623998752,0.0011195594725290476]
[-0.439539623998752,0.0011195594725290476] [2] [-0.4380438473614238,0.001495776637328199]
[-0.4380438473614238,0.001495776637328199] [2] [-0.43618271074759546,0.001861136613828383]
[-0.43618271074759546,0.001861136613828383] [2] [-0.4339697054664046,0.0022130052811908116]
[-0.4339697054664046,0.0022130052811908116] [2] [-0.43142084717903606,0.0025488582873685445]
[-0.43142084717903606,0.0025488582873685445] [2] [-0.42855454581804386,0.0028663013609921935]
[-0.42855454581804386,0.0028663013609921935] [2] [-0.42539145642128134,0.003163089396762506]
[-0.42539145642128134,0.003163089396762506] [2] [-0.4219543123182998,0.003437144102981562]
[-0.4219543123182998,0.003437144102981562] [2] [-0.4182677423119307,0.0036865700063690807]
[-0.4182677423119307,0.0036865700063690807] [2] [-0.4143580736906729,0.0039096686212578054]
[-0.4143580736906729,0.0039096686212578054] [2] [-0.4102531230822176,0.004104950608455274]
[-0.4102531230822176,0.004104950608455274] [2] [-0.40598197730829755,0.004271145773920045]
[-0.40598197730829755,0.004271145773920045] [2] [-0.40157476651940927,0.0044072107888883]
[-0.40157476651940927,0.0044072107888883] [2] [-0.39706243196874313,0.0045123345506661045]
[-0.39706243196874313,0.0045123345506661045] [2] [-0.3924764908227922,0.004585941145950933]
[-0.3924764908227922,0.004585941145950933] [2] [-0.38784880039798947,0.004627690424802729]
[-0.38784880039798947,0.004627690424802729] [2] [-0.3832113241565511,0.00463747624143837]
[-0.3832113241565511,0.00463747624143837] [2] [-0.37859590169072216,0.004615422465828988]
[-0.37859590169072216,0.004615422465828988] [2] [-0.3740340247752258,0.004561876915496383]
[-0.3740340247752258,0.004561876915496383] [2] [-0.36955662137738404,0.004477403397841729]
[-0.36955662137738404,0.004477403397841729] [2] [-0.36519384928948684,0.004362772087897177]
[-0.36519384928948684,0.004362772087897177] [2] [-0.3609749007965022,0.004218948492984637]
[-0.3609749007965022,0.004218948492984637] [2] [-0.3569278195232757,0.0040470812732265144]
[-0.3569278195232757,0.0040470812732265144] [2] [-0.35307933032878525,0.0038484891944904347]
[-0.35307933032878525,0.0038484891944904347] [2] [-0.3494546828408027,0.0036246474879825003]
[-0.3494546828408027,0.0036246474879825003] [2] [-0.34607750896215156,0.0033771738786511495]
[-0.34607750896215156,0.0033771738786511495] [2] [-0.3429696944385449,0.0031078145236066697]
[-0.3429696944385449,0.0031078145236066697] [2] [-0.34015126436546955,0.0028184300730753568]
[-0.34015126436546955,0.0028184300730753568] [2] [-0.33764028233399235,0.002510982031477183]
[-0.33764028233399235,0.002510982031477183] [2] [-0.33545276277725067,0.002187519556741695]
[-0.543224810298736,0.0] [2] [-0.5420777000690218,0.0011471102297142207]
[-0.5420777000690218,0.0011471102297142207] [2] [-0.5397920688824862,0.002285631186535572]
[-0.5397920688824862,0.002285631186535572] [2] [-0.5363850357609935,0.003407033121492708]
[-0.5363850357609935,0.003407033121492708] [2] [-0.5318821292036162,0.0045029065573772824]
[-0.5318821292036162,0.0045029065573772824] [2] [-0.5263171038879795,0.005565025315636752]
[-0.5263171038879795,0.005565025315636752] [2] [-0.5197316913361433,0.006585412551836231]
[-0.5197316913361433,0.006585412551836231] [2] [-0.5121752812656936,0.007556410070449761]
[-0.5121752812656936,0.007556410070449761] [2] [-0.503704530633091,0.00847075063260261]
[-0.503704530633091,0.00847075063260261] [2] [-0.4943828982736593,0.009321632359431701]
[-0.4943828982736593,0.009321632359431701] [2] [-0.4842801045525193,0.010102793721139987]
[-0.4842801045525193,0.010102793721139987] [2] [-0.4734715175084329,0.010808587044086363]
[-0.4734715175084329,0.010808587044086363] [2] [-0.4620374694866718,0.01143404802176115]
[-0.4620374694866718,0.01143404802176115] [2] [-0.4500625110554546,0.011974958431217202]
[-0.4500625110554546,0.011974958431217202] [2] [-0.43763461188111796,0.01242789917433661]
[-0.43763461188111796,0.01242789917433661] [2] [-0.4248443209743974,0.01279029090672059]
[-0.4248443209743974,0.01279029090672059] [2] [-0.41178390108527146,0.013060419889125933]
[-0.41178390108527146,0.013060419889125933] [2] [-0.39854645380718823,0.013237447278083235]
[-0.39854645380718823,0.013237447278083235] [2] [-0.38522505298422893,0.013321400822959299]
[-0.38522505298422893,0.013321400822959299] [2] [-0.3719119041865085,0.013313148797720461]
[-0.3719119041865085,0.013313148797720461] [2] [-0.35869754728979775,0.013214356896710723]
[-0.35869754728979775,0.013214356896710723] [2] [-0.3456701175991531,0.013027429690644613]
[-0.3456701175991531,0.013027429690644613] [2] [-0.3329146785972166,0.012755439001936554]
[-0.3329146785972166,0.012755439001936554] [2] [-0.3205126364374819,0.012402042159734696]
[-0.3205126364374819,0.012402042159734696] [2] [-0.30854124294272955,0.011971393494752368]
[-0.30854124294272955,0.011971393494752368] [2] [-0.29707319032936086,0.01146805261336872]
[-0.29707319032936086,0.01146805261336872] [2] [-0.28617629737741884,0.010896892951942017]
[-0.28617629737741884,0.010896892951942017] [2] [-0.2759132835003014,0.010263013877117417]
[-0.2759132835003014,0.010263013877117417] [2] [-0.2663416242985467,0.009571659201754717]
[-0.2663416242985467,0.009571659201754717] [2] [-0.25751347982520273,0.008828144473343983]
[-0.25751347982520273,0.008828144473343983] [2] [-0.2494756850154492,0.008037794809753519]
[-0.2494756850154492,0.008037794809753519] [2] [-0.2422697905645045,0.007205894450944676]
[-0.2422697905645045,0.007205894450944676] [2] [-0.23593214196079448,0.006337648603710025]
[-0.23593214196079448,0.006337648603710025] [2] [-0.23049398435121446,0.005438157609580019]
[-0.23049398435121446,0.005438157609580019] [2] [-0.2259815813671899,0.004512402984024555]
[-0.2259815813671899,0.004512402984024555] [2] [-0.22241633689853973,0.003565244468650178]
[-0.22241633689853973,0.003565244468650178] [2] [-0.21981490998883446,0.002601426909705268]
[-0.21981490998883446,0.002601426909705268] [2] [-0.21818931446689846,0.0016255955219360084]
[-0.21818931446689846,0.0016255955219360084] [2] [-0.2175469965583232,0.0006423179085752592]
[-0.2175469965583232,0.0006423179085752592] [2] [-0.21789088548246416,-0.000343888924140947]
[-0.21789088548246416,-0.000343888924140947] [2] [-0.21921941388872096,-0.0013285284062567958]
[-0.21921941388872096,-0.0013285284062567958] [2] [-0.22152650688395636,-0.0023070929952354173]
[-0.22152650688395636,-0.0023070929952354173] [2] [-0.224801540319637,-0.0032750334356806523]
[-0.224801540319637,-0.0032750334356806523] [0] [-0.23102927091407932,-0.006227730594442316]
[-0.23102927091407932,-0.006227730594442316] [0] [-0.24018019359288392,-0.009150922678804612]
[-0.24018019359288392,-0.009150922678804612] [0] [-0.2522097391932627,-0.012029545600378786]
[-0.2522097391932627,-0.012029545600378786] [0] [-0.2670571700256087,-0.014847430832345939]
[-0.2670571700256087,-0.014847430832345939] [0] [-0.2846442654618488,-0.017587095436240072]
[-0.2846442654618488,-0.017587095436240072] [0] [-0.30487391943984804,-0.02022965397799927]
[-0.30487391943984804,-0.02022965397799927] [0] [-0.3276287991978714,-0.022754879758023382]
[-0.3276287991978714,-0.022754879758023382] [0] [-0.3527702366662103,-0.025141437468338895]
[-0.3527702366662103,-0.025141437468338895] [0] [-0.38013753674706535,-0.027367300080855035]
[-0.38013753674706535,-0.027367300080855035] [0] [-0.40954788572026,-0.029410348973194674]
[-0.40954788572026,-0.029410348973194674] [0] [-0.4407970240865229,-0.031249138366262846]
[-0.4407970240865229,-0.031249138366262846] [0] [-0.47366080864433285,-0.032863784557809986]
[-0.47366080864433285,-0.032863784557809986] [0] [-0.5078977285032467,-0.034236919858913833]
[-0.5078977285032467,-0.034236919858913833] [0] [-0.5432523626751962,-0.03535463417194949]
[-0.5432523626751962,-0.03535463417194949] [0] [-0.5794596803331845,-0.03620731765798836]
[-0.5794596803331845,-0.03620731765798836] [0] [-0.61624999944857,-0.03679031911538546]
[-0.61624999944857,-0.03679031911538546] [0] [-0.6533543474733603,-0.03710434802479031]
[-0.6533543474733603,-0.03710434802479031] [0] [-0.690509920269132,-0.03715557279577172]
[-0.690509920269132,-0.03715557279577172] [0] [-0.7274653204186573,-0.036955400149525294]
[-0.7274653204186573,-0.036955400149525294] [0] [-0.763985275908629,-0.03651995548997171]
[-0.763985275908629,-0.03651995548997171] [0] [-0.7998545915286839,-0.035869315620054965]
[-0.7998545915286839,-0.035869315620054965] [1] [-0.8338811596707769,-0.03402656814209306]
[-0.8338811596707769,-0.03402656814209306] [0] [-0.8669024125389726,-0.03302125286819574]
[-0.8669024125389726,-0.03302125286819574] [0] [-0.8987805326046713,-0.03187812006569869]
[-0.8987805326046713,-0.03187812006569869] [0] [-0.9294023962503328,-0.030621863645661534]
[-0.9294023962503328,-0.030621863645661534] [0] [-0.9586787437376207,-0.029276347487287867]
[-0.9586787437376207,-0.029276347487287867] [0] [-0.9865427246766282,-0.02786398093900741]
[-0.9865427246766282,-0.02786398093900741] [2] [-1.0109479803789796,-0.02440525570235139]
[-1.0109479803789796,-0.02440525570235139] [0] [-1.0338680043712984,-0.022920023992318878]
[-1.0338680043712984,-0.022920023992318878] [0] [-1.0552900269614764,-0.02142202259017809]
[-1.0552900269614764,-0.02142202259017809] [0] [-1.0752127862573144,-0.019922759295837957]
[-1.0752127862573144,-0.019922759295837957] [0] [-1.0936443699576188,-0.01843158370030446]
[-1.0936443699576188,-0.01843158370030446] [0] [-1.1106001841188744,-0.016955814161255633]
[-1.1106001841188744,-0.016955814161255633] [0] [-1.1261010859042198,-0.015500901785345285]
[-1.1261010859042198,-0.015500901785345285] [0] [-1.140171701148348,-0.014070615244128245]
[-1.140171701148348,-0.014070615244128245] [2] [-1.1508389347240395,-0.010667233575691503]
[-1.1508389347240395,-0.010667233575691503] [0] [-1.1601260401918883,-0.00928710546784883]
[-1.1601260401918883,-0.00928710546784883] [0] [-1.1680552481567674,-0.00792920796487921]
[-1.1680552481567674,-0.00792920796487921] [0] [-1.1746469878894679,-0.006591739732700478]
[-1.1746469878894679,-0.006591739732700478] [2] [-1.1779192500233857,-0.003272262133917892]
[-1.1779192500233857,-0.003272262133917892] [2] [-1.1778813027871031,3.794723628253128e-05]
[-1.1778813027871031,3.794723628253128e-05] [2] [-1.1745330374226723,0.0033482653644307317]
[-1.1745330374226723,0.0033482653644307317] [1] [-1.1688649757328986,0.0056680616897737]
[-1.1688649757328986,0.0056680616897737] [2] [-1.159861606669127,0.009003369063771614]
[-1.159861606669127,0.009003369063771614] [2] [-1.1474996817269718,0.012361924942155218]
[-1.1474996817269718,0.012361924942155218] [2] [-1.1317500861855523,0.01574959554141943]
[-1.1317500861855523,0.01574959554141943] [2] [-1.1125804880523973,0.01916959813315504]
[-1.1125804880523973,0.01916959813315504] [2] [-1.0899588288662945,0.02262165918610278]
[-1.0899588288662945,0.02262165918610278] [2] [-1.063857712412057,0.02610111645423755]
[-1.063857712412057,0.02610111645423755] [2] [-1.0342597178687796,0.029597994543277304]
[-1.0342597178687796,0.029597994543277304] [1] [-1.0021636061988335,0.03209611166994604]
[-1.0021636061988335,0.03209611166994604] [1] [-0.9675902754787296,0.03457333072010391]
[-0.9675902754787296,0.03457333072010391] [1] [-0.9305879013700896,0.037002374108639956]
[-0.9305879013700896,0.037002374108639956] [1] [-0.8912369488815663,0.03935095248852324]
[-0.8912369488815663,0.03935095248852324] [2] [-0.8486546824231813,0.04258226645838502]
[-0.8486546824231813,0.04258226645838502] [1] [-0.8040029259750527,0.04465175644812858]
[-0.8040029259750527,0.04465175644812858] [2] [-0.7564875399306654,0.047515386044387334]
[-0.7564875399306654,0.047515386044387334] [2] [-0.7063641612882783,0.05012337864238718]
[-0.7063641612882783,0.05012337864238718] [2] [-0.6539376978882601,0.052426463400018275]
[-0.6539376978882601,0.052426463400018275] [2] [-0.5995584128999202,0.05437928498833988]
[-0.5995584128999202,0.05437928498833988] [2] [-0.5436143484614608,0.055944064438459305]
[-0.5436143484614608,0.055944064438459305] [2] [-0.48652025742066346,0.0570940910407974]
[-0.48652025742066346,0.0570940910407974] [2] [-0.42870368213909993,0.057816575281563504]
[-0.42870368213909993,0.057816575281563504] [2] [-0.37058924539009447,0.05811443674900546]
[-0.37058924539009447,0.05811443674900546] [2] [-0.3125825023006959,0.058006743089398585]
[-0.3125825023006959,0.058006743089398585] [2] [-0.25505477307712154,0.05752772922357437]
[-0.25505477307712154,0.05752772922357437] [2] [-0.19833021522992433,0.056724557847197196]
[-0.19833021522992433,0.056724557847197196] [2] [-0.14267604173766746,0.05565417349225687]
[-0.14267604173766746,0.05565417349225687] [1] [-0.08929633324292609,0.05337970849474137]
[-0.08929633324292609,0.05337970849474137] [2] [-0.03732745429480193,0.05196887894812416]
[-0.03732745429480193,0.05196887894812416] [2] [0.013157083341659673,0.0504845376364616]
[0.013157083341659673,0.0504845376364616] [2] [0.062143568199763785,0.04898648485810411]
[0.062143568199763785,0.04898648485810411] [2] [0.10967337287893078,0.047529804679166995]
[0.10967337287893078,0.047529804679166995] [2] [0.15583727902554162,0.04616390614661084]
[0.15583727902554162,0.04616390614661084] [2] [0.20076945421698156,0.04493217519143993]
[0.20076945421698156,0.04493217519143993] [2] [0.2446415543645332,0.04387210014755163]
[0.2446415543645332,0.04387210014755163] [1] [0.2866572759334023,0.0420157215688691]
[0.2866572759334023,0.0420157215688691] [1] [0.3270418504572783,0.04038457452387602]
[0.3270418504572783,0.04038457452387602] [1] [0.366036206414473,0.03899435595719469]
[0.366036206414473,0.03899435595719469] [1] [0.40389236006781204,0.03785615365333903]
[0.40389236006781204,0.03785615365333903] [1] [0.44086988921507625,0.036977529147264196]
[0.44086988921507625,0.036977529147264196] [1] [0.47723330189987706,0.036363412684800804]
[0.47723330189987706,0.036363412684800804] [1] [0.5132500937858895,0.03601679188601241]
[-0.41816082405738086,0.0] [2] [-0.4179384875865839,0.00022233647079696267]
[-0.4179384875865839,0.00022233647079696267] [2] [-0.41749539926707563,0.0004430883195083163]
[-0.41749539926707563,0.0004430883195083163] [2] [-0.416834716014618,0.0006606832524576268]
[-0.416834716014618,0.0006606832524576268] [2] [-0.4159611424961705,0.0008735735184475096]
[-0.4159611424961705,0.0008735735184475096] [2] [-0.41488089460110283,0.0010802478950676848]
[-0.41488089460110283,0.0010802478950676848] [2] [-0.41360165126541204,0.0012792433356908148]
[-0.41360165126541204,0.0012792433356908148] [2] [-0.41213249509690686,0.0014691561685052017]
[-0.41213249509690686,0.0014691561685052017] [2] [-0.41048384235395097,0.0016486527429558926]
[-0.41048384235395097,0.0016486527429558926] [2] [-0.40866736292973405,0.0018164794242169389]
[-0.40866736292973405,0.0018164794242169389] [2] [-0.406695891086837,0.001971471842897058]
[-0.406695891086837,0.001971471842897058] [2] [-0.4045833277716722,0.002112563315164792]
[-0.4045833277716722,0.002112563315164792] [2] [-0.402344535413769,0.002238792357903176]
[-0.402344535413769,0.002238792357903176] [2] [-0.39999522617942074,0.0023493092343482604]
[-0.39999522617942074,0.0023493092343482604] [2] [-0.3975518447015765,0.0024433814778442096]
[-0.3975518447015765,0.0024433814778442096] [2] [-0.3950314463468762,0.0025203983547003104]
[-0.3950314463468762,0.0025203983547003104] [2] [-0.39245157210544884,0.0025798742414273406]
[-0.39245157210544884,0.0025798742414273406] [2] [-0.38983012119889143,0.0026214509065573995]
[-0.38983012119889143,0.0026214509065573995] [2] [-0.38718522249644405,0.00264489870244739]
[-0.38718522249644405,0.00264489870244739] [2] [-0.38453510580892203,0.002650116687522026]
[-0.38453510580892203,0.002650116687522026] [2] [-0.3818979740950297,0.0026371317138923407]
[-0.3818979740950297,0.0026371317138923407] [2] [-0.3792918775662778,0.0026060965287518735]
[-0.3792918775662778,0.0026060965287518735] [2] [-0.37673459061629094,0.002557286949986834]
[-0.37673459061629094,0.002557286949986834] [2] [-0.3742434924296275,0.0024910981866634106]
[-0.3742434924296275,0.0024910981866634106] [2] [-0.371835452046464,0.002408040383163527]
[-0.371835452046464,0.002408040383163527] [2] [-0.3695267185749648,0.0023087334714992584]
[-0.3695267185749648,0.0023087334714992584] [2] [-0.3673328171553559,0.0021939014196088935]
[-0.3673328171553559,0.0021939014196088935] [2] [-0.36526845119116735,0.0020643659641885353]
[-0.36526845119116735,0.0020643659641885353] [2] [-0.36334741127625836,0.0019210399149090112]
[-0.36334741127625836,0.0019210399149090112] [2] [-0.36158249116338326,0.0017649201128751282]
[-0.36158249116338326,0.0017649201128751282] [2] [-0.3599854110432237,0.0015970801201595501]
[-0.3599854110432237,0.0015970801201595501] [2] [-0.35856674833370233,0.0014186627095213668]
[-0.35856674833370233,0.0014186627095213668] [2] [-0.3573358761193066,0.0012308722143957093]
[-0.3573358761193066,0.0012308722143957093] [2] [-0.35630090932995184,0.00103496678935475]
[-0.35630090932995184,0.00103496678935475] [2] [-0.3554686587089967,0.0008322506209551335]
[-0.3554686587089967,0.0008322506209551335] [2] [-0.3548445925903273,0.0006240661186693816]
[-0.3548445925903273,0.0006240661186693816] [2] [-0.35443280648442566,0.00041178610590162376]
[-0.35443280648442566,0.00041178610590162376] [2] [-0.3542360004620941,0.0001968060223315486]
[-0.3542360004620941,0.0001968060223315486] [2] [-0.35425546432070637,-1.946385861226695e-05]
[-0.35425546432070637,-1.946385861226695e-05] [2] [-0.35449107051987133,-0.00023560619916498287]
[-0.35449107051987133,-0.00023560619916498287] [2] [-0.35494127487935956,-0.00045020435948820185]
[-0.35494127487935956,-0.00045020435948820185] [2] [-0.35560312504002484,-0.000661850160665257]
[-0.35560312504002484,-0.000661850160665257] [2] [-0.35647227669614584,-0.0008691516561209803]
[-0.35647227669614584,-0.0008691516561209803] [2] [-0.3575430176130118,-0.0010707409168659852]
[-0.3575430176130118,-0.0010707409168659852] [2] [-0.3588082994446783,-0.0012652818316664632]
[-0.3588082994446783,-0.0012652818316664632] [2] [-0.3602597773617898,-0.001451477917111517]
[-0.3602597773617898,-0.001451477917111517] [2] [-0.36188785748663593,-0.0016280801248460982]
[-0.36188785748663593,-0.0016280801248460982] [2] [-0.3636817521109188,-0.00179389462428289]
[-0.3636817521109188,-0.00179389462428289] [2] [-0.36562954264020237,-0.0019477905292835584]
[-0.36562954264020237,-0.0019477905292835584] [2] [-0.3677182501672384,-0.0020887075270360706]
[-0.3677182501672384,-0.0020887075270360706] [2] [-0.3699339135243451,-0.0022156633571066963]
[-0.3699339135243451,-0.0022156633571066963] [2] [-0.3722616746032258,-0.002327761078880668]
[-0.3722616746032258,-0.002327761078880668] [2] [-0.37468587066001025,-0.0024241960567844534]
[-0.37468587066001025,-0.0024241960567844534] [2] [-0.37719013324524825,-0.0025042625852379954]
[-0.37719013324524825,-0.0025042625852379954] [2] [-0.37975749331485165,-0.002567360069603386]
[-0.37975749331485165,-0.002567360069603386] [2] [-0.3823704919906505,-0.0026129986757988336]
[-0.3823704919906505,-0.0026129986757988336] [2] [-0.38501129635062525,-0.0026408043599747506]
[-0.38501129635062525,-0.0026408043599747506] [2] [-0.3876618195414765,-0.0026505231908512494]
[-0.3876618195414765,-0.0026505231908512494] [2] [-0.39030384442251836,-0.002642024881041885]
[-0.39030384442251836,-0.002642024881041885] [2] [-0.3929191498724012,-0.0026153054498828333]
[-0.3929191498724012,-0.0026153054498828333] [2] [-0.3954896388211966,-0.0025704889487954204]
[-0.3954896388211966,-0.0025704889487954204] [2] [-0.3979974670119835,-0.0025078281907869055]
[-0.3979974670119835,-0.0025078281907869055] [2] [-0.4004251714499988,-0.0024277044380152882]
[-0.4004251714499988,-0.0024277044380152882] [2] [-0.402755797465023,-0.0023306260150242138]
[-0.402755797465023,-0.0023306260150242138] [2] [-0.4049730232948932,-0.002217225829870193]
[-0.4049730232948932,-0.002217225829870193] [2] [-0.40706128109537015,-0.002088257800476954]
[-0.40706128109537015,-0.002088257800476954] [2] [-0.40900587329409865,-0.0019445921987285093]
[-0.40900587329409865,-0.0019445921987285093] [2] [-0.4107930832337491,-0.0017872099396504348]
[-0.4107930832337491,-0.0017872099396504348] [2] [-0.41241027909092165,-0.001617195857172551]
[-0.41241027909092165,-0.001617195857172551] [0] [-0.4158460101120444,-0.003435731021122783]
[-0.4158460101120444,-0.003435731021122783] [2] [-0.4190758855725396,-0.0032298754604952132]
[-0.4190758855725396,-0.0032298754604952132] [2] [-0.42207689916059343,-0.003001013588053844]
[-0.42207689916059343,-0.003001013588053844] [2] [-0.4248276098079897,-0.002750710647396295]
[-0.4248276098079897,-0.002750710647396295] [2] [-0.42730831134553,-0.0024807015375402763]
[-0.42730831134553,-0.0024807015375402763] [2] [-0.42950118928867226,-0.0021928779431422615]
[-0.42950118928867226,-0.0021928779431422615] [2] [-0.4313904632035792,-0.0018892739149069518]
[-0.4313904632035792,-0.0018892739149069518] [2] [-0.4329625132641349,-0.0015720500605556392]
[-0.4329625132641349,-0.0015720500605556392] [2] [-0.43420598978223685,-0.0012434765181019677]
[-0.43420598978223685,-0.0012434765181019677] [2] [-0.4351119046729052,-0.0009059148906684009]
[-0.4351119046729052,-0.0009059148906684009] [2] [-0.43567370399928873,-0.0005617993263834817]
[-0.43567370399928873,-0.0005617993263834817] [2] [-0.43588732092813626,-0.00021361692884750967]
[-0.43588732092813626,-0.00021361692884750967] [2] [-0.435751208612211,0.00013611231592526834]
[-0.435751208612211,0.00013611231592526834] [2] [-0.4352663527016848,0.00048485591052621364]
[-0.4352663527016848,0.00048485591052621364] [2] [-0.43443626337161256,0.0008300893300722222]
[-0.43443626337161256,0.0008300893300722222] [2] [-0.43326694693739914,0.0011693164342134283]
[-0.43326694693739914,0.0011693164342134283] [2] [-0.4317668573151453,0.0015000896222538305]
[-0.4317668573151453,0.0015000896222538305] [2] [-0.42994682776920673,0.0018200295459385768]
[-0.42994682776920673,0.0018200295459385768] [2] [-0.427819983575172,0.002126844194034771]
[-0.427819983575172,0.002126844194034771] [2] [-0.4254016364121504,0.0024183471630215775]
[-0.4254016364121504,0.0024183471630215775] [2] [-0.4227091614824066,0.0026924749297437597]
[-0.4227091614824066,0.0026924749297437597] [2] [-0.4197618585368127,0.0029473029455939414]
[-0.4197618585368127,0.0029473029455939414] [2] [-0.41658079815831056,0.003181060378502151]
[-0.41658079815831056,0.003181060378502151] [2] [-0.4131886548188365,0.0033921433394740906]
[-0.4131886548188365,0.0033921433394740906] [2] [-0.40960952837362347,0.0035791264452129943]
[-0.40960952837362347,0.0035791264452129943] [2] [-0.4058687557857989,0.003740772587824544]
[-0.4058687557857989,0.003740772587824544] [2] [-0.4019927149790146,0.003876040806784266]
[-0.4019927149790146,0.003876040806784266] [2] [-0.398008622792058,0.003984092186956589]
[-0.398008622792058,0.003984092186956589] [2] [-0.39394432905318544,0.004064293738872555]
[-0.39394432905318544,0.004064293738872555] [2] [-0.3898281088004232,0.004116220252762284]
[-0.3898281088004232,0.004116220252762284] [2] [-0.38568845464562845,0.0041396541547947035]
[-0.38568845464562845,0.0041396541547947035] [2] [-0.38155387121442813,0.004134583431200311]
[-0.38155387121442813,0.004134583431200311] [2] [-0.3774526734924948,0.004101197721933371]
[-0.3774526734924948,0.004101197721933371] [2] [-0.3734127907737477,0.0040398827187470366]
[-0.3734127907737477,0.0040398827187470366] [2] [-0.3694615777421731,0.003951213031574649]
[-0.3694615777421731,0.003951213031574649] [2] [-0.3656256340314947,0.003835943710678418]
[-0.3656256340314947,0.003835943710678418] [2] [-0.3619306334023485,0.003695000629146201]
[-0.3619306334023485,0.003695000629146201] [2] [-0.358401163462041,0.0035294699403074837]
[-0.358401163462041,0.0035294699403074837] [2] [-0.3550605766348686,0.0033405868271723796]
[-0.3550605766348686,0.0033405868271723796] [2] [-0.35193085287876225,0.003129723756106347]
[-0.35193085287876225,0.003129723756106347] [2] [-0.34903247444373997,0.002898378435022281]
[-0.34903247444373997,0.002898378435022281] [2] [-0.34638431278563897,0.0026481616581010264]
[-0.34638431278563897,0.0026481616581010264] [2] [-0.34400352759023106,0.002380785195407913]
[-0.34400352759023106,0.002380785195407913] [2] [-0.34190547773230234,0.0020980498579287153]
[-0.34190547773230234,0.0020980498579287153] [2] [-0.34010364389448844,0.0018018338378139257]
[-0.34010364389448844,0.0018018338378139257] [2] [-0.33860956250311214,0.0014940813913763276]
[-0.33860956250311214,0.0014940813913763276] [2] [-0.3374327706030907,0.0011767919000214662]
[-0.3374327706030907,0.0011767919000214662] [2] [-0.3365807612899498,0.0008520093131408691]
[-0.3365807612899498,0.0008520093131408691] [2] [-0.3360589493416473,0.0005218119483024546]
[-0.3360589493416473,0.0005218119483024546] [2] [-0.33587064674271466,0.00018830259893263613]
[-0.33587064674271466,0.00018830259893263613] [2] [-0.3360170478636798,-0.00014640112096514436]
[-0.3360170478636798,-0.00014640112096514436] [2] [-0.3364972241446029,-0.00048017628092312495]
[-0.3364972241446029,-0.00048017628092312495] [2] [-0.33730812822705303,-0.0008109040824500788]
[-0.33730812822705303,-0.0008109040824500788] [2] [-0.33844460757786027,-0.001136479350807257]
[-0.33844460757786027,-0.001136479350807257] [2] [-0.339899427744256,-0.0014548201663957688]
[-0.339899427744256,-0.0014548201663957688] [2] [-0.34166330546741097,-0.001763877723154958]
[-0.34166330546741097,-0.001763877723154958] [2] [-0.3437249519540686,-0.0020616464866576364]
[-0.3437249519540686,-0.0020616464866576364] [2] [-0.346071126658626,-0.002346174704557364]
[-0.346071126658626,-0.002346174704557364] [2] [-0.34868670195604395,-0.002615575297417936]
[-0.34868670195604395,-0.002615575297417936] [2] [-0.35155473908569196,-0.0028680371296479997]
[-0.35155473908569196,-0.0028680371296479997] [2] [-0.354656575715048,-0.003101836629356058]
[-0.354656575715048,-0.003101836629356058] [2] [-0.3579719254087043,-0.003315349693656299]
[-0.3579719254087043,-0.003315349693656299] [2] [-0.3614789891923254,-0.003507063783621105]
[-0.3614789891923254,-0.003507063783621105] [2] [-0.36515457927440154,-0.0036755900820761066]
[-0.36515457927440154,-0.0036755900820761066] [2] [-0.36897425483355506,-0.0038196755591535505]
[-0.36897425483355506,-0.0038196755591535505] [2] [-0.3729124695998375,-0.003938214766282434]
[-0.3729124695998375,-0.003938214766282434] [2] [-0.3769427307601299,-0.004030261160292451]
[-0.3769427307601299,-0.004030261160292451] [2] [-0.38103776850666926,-0.004095037746539335]
[-0.38103776850666926,-0.004095037746539335] [2] [-0.3851697153308276,-0.004131946824158343]
[-0.3851697153308276,-0.004131946824158343] [2] [-0.38931029394897376,-0.004140578618146173]
[-0.38931029394897376,-0.004140578618146173] [2] [-0.39343101254101226,-0.0041207185920384935]
[-0.39343101254101226,-0.0041207185920384935] [2] [-0.39750336579221934,-0.0040723532512070715]
[-0.39750336579221934,-0.0040723532512070715] [2] [-0.4014990400618287,-0.003995674269609327]
[-0.4014990400618287,-0.003995674269609327] [2] [-0.40539012086305287,-0.003891080801224181]
[-0.40539012086305287,-0.003891080801224181] [2] [-0.4091493007332279,-0.0037591798701750593]
[-0.4091493007332279,-0.0037591798701750593] [2] [-0.4127500855024859,-0.0036007847692579404]
[-0.4127500855024859,-0.0036007847692579404] [2] [-0.41616699693622966,-0.0034169114337437812]
[-0.41616699693622966,-0.0034169114337437812] [2] [-0.419375769730624,-0.0032087727943943783]
[-0.419375769730624,-0.0032087727943943783] [2] [-0.42235354087982346,-0.0029777711491994255]
[-0.42235354087982346,-0.0029777711491994255] [2] [-0.4250790295060008,-0.00272548862617734]
[-0.4250790295060008,-0.00272548862617734] [2] [-0.42753270534471083,-0.0024536758387100396]
[-0.42753270534471083,-0.0024536758387100396] [2] [-0.42969694420435006,-0.002164238859639247]
[-0.42969694420435006,-0.002164238859639247] [2] [-0.43155616886476134,-0.0018592246604112678]
[-0.43155616886476134,-0.0018592246604112678] [2] [-0.433096974041684,-0.0015408051769226806]
[-0.433096974041684,-0.0015408051769226806] [2] [-0.43430823421638115,-0.0012112601746971322]
[-0.43430823421638115,-0.0012112601746971322] [2] [-0.4351811933095492,-0.0008729590931680526]
[-0.4351811933095492,-0.0008729590931680526] [2] [-0.4357095353624339,-0.0005283420528846916]
[-0.4357095353624339,-0.0005283420528846916] [2] [-0.4358894355736572,-0.00017990021122330912]
[-0.4358894355736572,-0.00017990021122330912] [2] [-0.4357195912261578,0.00016984434749947196]
[-0.4357195912261578,0.00016984434749947196] [2] [-0.43520123222415863,0.0005183590019991672]
[-0.43520123222415863,0.0005183590019991672] [2] [-0.43433811114509874,0.0008631210790598757]
[-0.43433811114509874,0.0008631210790598757] [2] [-0.43313647289627405,0.0012016382488247014]
[-0.43313647289627405,0.0012016382488247014] [2] [-0.43160500425094456,0.0015314686453294832]
[-0.43160500425094456,0.0015314686453294832] [2] [-0.4297547637241617,0.0018502405267828564]
[-0.4297547637241617,0.0018502405267828564] [2] [-0.4275990924344615,0.00215567128970022]
[-0.4275990924344615,0.00215567128970022] [2] [-0.42515350678317715,0.0024455856512843066]
[-0.42515350678317715,0.0024455856512843066] [2] [-0.42243557396702075,0.0027179328161564204]
[-0.42243557396702075,0.0027179328161564204] [2] [-0.41946477151951306,0.0029708024475076887]
[-0.41946477151951306,0.0029708024475076887] [2] [-0.41626233224972886,0.0032024392697841994]
[-0.41626233224972886,0.0032024392697841994] [2] [-0.41285107610885025,0.0034112561408785984]
[-0.41285107610885025,0.0034112561408785984] [2] [-0.4092552306618159,0.0035958454470343603]
[-0.4092552306618159,0.0035958454470343603] [2] [-0.4055002419682242,0.0037549886935916757]
[-0.4055002419682242,0.0037549886935916757] [2] [-0.40161257777889514,0.003887664189329092]
[-0.40161257777889514,0.003887664189329092] [2] [-0.3976195250277305,0.003993052751164613]
[-0.3976195250277305,0.003993052751164613] [2] [-0.3935489836390102,0.004070541388720319]
[-0.3935489836390102,0.004070541388720319] [2] [-0.3894292586752494,0.004119724963760797]
[-0.3894292586752494,0.004119724963760797] [2] [-0.3852888528186882,0.004140405856561252]
[-0.3852888528186882,0.004140405856561252] [2] [-0.38115626111025686,0.00413259170843134]
[-0.38115626111025686,0.00413259170843134] [2] [-0.3770597697648565,0.004096491345400339]
[-0.3770597697648565,0.004096491345400339] [2] [-0.3730272607439148,0.004032509020941726]
[-0.3730272607439148,0.004032509020941726] [2] [-0.36908602359975473,0.003941237144160044]
[-0.36908602359975473,0.003941237144160044] [2] [-0.3652625759169072,0.003823447682847544]
[-0.3652625759169072,0.003823447682847544] [2] [-0.3615824934696333,0.0036800824472739326]
[-0.3615824934696333,0.0036800824472739326] [2] [-0.3580702509997813,0.0035122424698520007]
[-0.3580702509997813,0.0035122424698520007] [2] [-0.35474907430215025,0.0033211766976310557]
[-0.35474907430215025,0.0033211766976310557] [2] [-0.3516408040931726,0.0031082702089776553]
[-0.3516408040931726,0.0031082702089776553] [2] [-0.3487657719399474,0.0028750321532252116]
[-0.3487657719399474,0.0028750321532252116] [2] [-0.34614268834670825,0.002623083593239133]
[-0.34614268834670825,0.002623083593239133] [2] [-0.34378854293996663,0.0023541454067415903]
[-0.34378854293996663,0.0023541454067415903] [2] [-0.34171851656590846,0.002070026374058194]
[-0.34171851656590846,0.002070026374058194] [2] [-0.33994590501690053,0.0017726115490079217]
[-0.33994590501690053,0.0017726115490079217] [2] [-0.3384820540395586,0.0014638509773419403]
[-0.3384820540395586,0.0014638509773419403] [2] [-0.3373363052447268,0.001145748794831812]
[-0.3373363052447268,0.001145748794831812] [2] [-0.33651595253858424,0.0008203527061425729]
[-0.33651595253858424,0.0008203527061425729] [2] [-0.33602620872135597,0.0004897438172282687]
[-0.33602620872135597,0.0004897438172282687] [2] [-0.335870181952113,0.00015602676924295826]
[-0.335870181952113,0.00015602676924295826] [2] [-0.3360488618503267,-0.0001786798982136991]
[-0.3360488618503267,-0.0001786798982136991] [2] [-0.33656111509189873,-0.000512253241572068]
[-0.33656111509189873,-0.000512253241572068] [2] [-0.337403690453494,-0.0008425753615952413]
[-0.337403690453494,-0.0008425753615952413] [2] [-0.3385712333580185,-0.0011675429045244494]
[-0.3385712333580185,-0.0011675429045244494] [2] [-0.3400563100697701,-0.0014850767117516378]
[-0.3400563100697701,-0.0014850767117516378] [2] [-0.34184944177401694,-0.0017931317042468261]
[-0.4716243500861903,0.0] [2] [-0.4710125806892545,0.0006117693969358033]
[-0.4710125806892545,0.0006117693969358033] [2] [-0.46979357384720305,0.0012190068420514688]
[-0.46979357384720305,0.0012190068420514688] [2] [-0.4679763559317619,0.0018172179154411527]
[-0.4679763559317619,0.0018172179154411527] [2] [-0.46557437287163556,0.0024019830601263526]
[-0.46557437287163556,0.0024019830601263526] [2] [-0.4626053783776306,0.0029689944940049576]
[-0.4626053783776306,0.0029689944940049576] [2] [-0.4590912859256927,0.0035140924519378772]
[-0.4590912859256927,0.0035140924519378772] [2] [-0.4550579854628985,0.004033300462794213]
[-0.4550579854628985,0.004033300462794213] [2] [-0.45053512614766106,0.004522859315237413]
[-0.45053512614766106,0.004522859315237413] [2] [-0.4455558668331851,0.004979259314475976]
[-0.4455558668331851,0.004979259314475976] [2] [-0.4401565964463816,0.005399270386803517]
[-0.4401565964463816,0.005399270386803517] [2] [-0.4343766268902181,0.0057799695561635235]
[-0.4343766268902181,0.0057799695561635235] [2] [-0.4282578615870052,0.006118765303212904]
[-0.4282578615870052,0.006118765303212904] [2] [-0.42184444325976517,0.006413418327240024]
[-0.42184444325976517,0.006413418327240024] [2] [-0.4151823849918326,0.00666205826793257]
[-0.4151823849918326,0.00666205826793257] [2] [-0.40831918898339453,0.006863196008438032]
[-0.40831918898339453,0.006863196008438032] [2] [-0.4013034577111865,0.007015731272208033]
[-0.4013034577111865,0.007015731272208033] [2] [-0.39418450237087305,0.007118955340313411]
[-0.39418450237087305,0.007118955340313411] [2] [-0.3870119535230932,0.00717254884777985]
[-0.3870119535230932,0.00717254884777985] [2] [-0.37983537876316054,0.007176574759932651]
[-0.37983537876316054,0.007176574759932651] [2] [-0.3727039119885381,0.007131466774622461]
[-0.3727039119885381,0.007131466774622461] [2] [-0.3656658984535091,0.007038013535028966]
[-0.3656658984535091,0.007038013535028966] [2] [-0.3587685592911786,0.006897339162330468]
[-0.3587685592911786,0.006897339162330468] [2] [-0.3520576785704933,0.006710880720685332]
[-0.3520576785704933,0.006710880720685332] [2] [-0.34557731526747704,0.006480363303016276]
[-0.34557731526747704,0.006480363303016276] [2] [-0.3393695417962406,0.006207773471236435]
[-0.3393695417962406,0.006207773471236435] [2] [-0.3334742099991338,0.005895331797106809]
[-0.3334742099991338,0.005895331797106809] [2] [-0.3279287447688901,0.00554546523024367]
[-0.3279287447688901,0.00554546523024367] [2] [-0.32276796479872205,0.005160779970168071]
[-0.32276796479872205,0.005160779970168071] [2] [-0.3180239293551817,0.004744035443540336]
[-0.3180239293551817,0.004744035443540336] [2] [-0.3137258094643479,0.004298119890833758]
[-0.3137258094643479,0.004298119890833758] [2] [-0.3098997815099935,0.0038260279543544324]
[-0.3098997815099935,0.0038260279543544324] [2] [-0.30656894097234794,0.003330840537645546]
[-0.30656894097234794,0.003330840537645546] [0] [-0.3057532338916182,0.0008157070807297733]
[-0.3057532338916182,0.0008157070807297733] [2] [-0.305457521973589,0.00029571191802919036]
[-0.305457521973589,0.00029571191802919036] [2] [-0.3056835654479941,-0.0002260434744050996]
[-0.3056835654479941,-0.0002260434744050996] [2] [-0.30643001889534843,-0.0007464534473543712]
[-0.30643001889534843,-0.0007464534473543712] [2] [-0.30769243443263816,-0.0012624155372897433]
[-0.30769243443263816,-0.0012624155372897433] [2] [-0.3094632724312384,-0.0017708379986002421]
[-0.3094632724312384,-0.0017708379986002421] [2] [-0.31173192033308095,-0.002268647901842582]
[-0.31173192033308095,-0.002268647901842582] [2] [-0.31448472049961673,-0.002752800166535793]
[-0.31448472049961673,-0.002752800166535793] [2] [-0.31770500835623805,-0.0032202878566213234]
[-0.31770500835623805,-0.0032202878566213234] [2] [-0.3213731623671815,-0.0036681540109434387]
[-0.3213731623671815,-0.0036681540109434387] [2] [-0.3254666675785194,-0.0040935052113378854]
[-0.3254666675785194,-0.0040935052113378854] [2] [-0.32996019458754094,-0.0044935270090215515]
[-0.32996019458754094,-0.0044935270090215515] [2] [-0.3348256958259271,-0.004865501238386152]
[-0.3348256958259271,-0.004865501238386152] [2] [-0.34003252097496256,-0.0052068251490354515]
[-0.34003252097496256,-0.0052068251490354515] [2] [-0.34554755316052305,-0.005515032185560462]
[-0.34554755316052305,-0.005515032185560462] [2] [-0.35133536730473636,-0.0057878141442132885]
[-0.35133536730473636,-0.0057878141442132885] [2] [-0.3573584116455129,-0.006023044340776565]
[-0.3573584116455129,-0.006023044340776565] [2] [-0.36357721298466744,-0.006218801339154547]
[-0.36357721298466744,-0.006218801339154547] [0] [-0.37195060570472627,-0.008373392720058848]
[-0.37195060570472627,-0.008373392720058848] [0] [-0.3824225295956302,-0.010471923890903938]
[-0.3824225295956302,-0.010471923890903938] [0] [-0.3949219033848062,-0.01249937378917598]
[-0.3949219033848062,-0.01249937378917598] [0] [-0.4093625624515111,-0.01444065906670488]
[-0.4093625624515111,-0.01444065906670488] [0] [-0.4256433201385578,-0.016280757687046708]
[-0.4256433201385578,-0.016280757687046708] [0] [-0.4436482153267557,-0.01800489518819787]
[-0.4436482153267557,-0.01800489518819787] [0] [-0.46324700690434345,-0.019598791577587753]
[-0.46324700690434345,-0.019598791577587753] [0] [-0.48429596780637046,-0.021048960902027028]
[-0.48429596780637046,-0.021048960902027028] [0] [-0.5066390172374373,-0.02234304943106681]
[-0.5066390172374373,-0.02234304943106681] [0] [-0.530109209983642,-0.023470192746204682]
[-0.530109209983642,-0.023470192746204682] [0] [-0.5545305775763313,-0.024421367592689324]
[-0.5545305775763313,-0.024421367592689324] [0] [-0.5797202894525618,-0.025189711876230547]
[-0.5797202894525618,-0.025189711876230547] [0] [-0.6054910757272801,-0.025770786274718287]
[-0.6054910757272801,-0.025770786274718287] [0] [-0.631653829613248,-0.02616275388596792]
[-0.631653829613248,-0.02616275388596792] [0] [-0.6580202896495099,-0.02636646003626184]
[-0.6580202896495099,-0.02636646003626184] [0] [-0.6844056919248986,-0.026385402275388766]
[-0.6844056919248986,-0.026385402275388766] [0] [-0.7106312816690861,-0.026225589744187393]
[-0.7106312816690861,-0.026225589744187393] [0] [-0.7365265820239486,-0.025895300354862583]
[-0.7365265820239486,-0.025895300354862583] [0] [-0.7619313344152588,-0.025404752391310213]
[-0.7619313344152588,-0.025404752391310213] [0] [-0.7866970476510712,-0.02476571323581238]
[-0.7866970476510712,-0.02476571323581238] [0] [-0.8106881189981552,-0.023991071347083972]
[-0.8106881189981552,-0.023991071347083972] [0] [-0.833782517185692,-0.02309439818753681]
[-0.833782517185692,-0.02309439818753681] [0] [-0.8558720419732883,-0.022089524787596317]
[-0.8558720419732883,-0.022089524787596317] [0] [-0.8768621956042376,-0.020990153630949346]
[-0.8768621956042376,-0.020990153630949346] [0] [-0.8966717169173466,-0.019809521313108935]
[-0.8966717169173466,-0.019809521313108935] [0] [-0.9152318386732431,-0.01856012175589654]
[-0.9152318386732431,-0.01856012175589654] [0] [-0.9324853330114236,-0.017253494338180474]
[-0.9324853330114236,-0.017253494338180474] [0] [-0.9483854096435831,-0.01590007663215952]
[-0.9483854096435831,-0.01590007663215952] [0] [-0.9628945274520371,-0.014509117808453955]
[-0.9628945274520371,-0.014509117808453955] [0] [-0.9759831737425352,-0.013088646290498145]
[-0.9759831737425352,-0.013088646290498145] [0] [-0.9876286575855618,-0.01164548384302661]
[-0.9876286575855618,-0.01164548384302661] [0] [-0.9978139553978951,-0.010185297812333294]
[-0.9978139553978951,-0.010185297812333294] [0] [-1.0065266388850718,-0.008712683487176763]
[-1.0065266388850718,-0.008712683487176763] [0] [-1.0137579081826296,-0.007231269297557714]
[-1.0137579081826296,-0.007231269297557714] [0] [-1.0195017467929401,-0.005743838610310576]
[-1.0195017467929401,-0.005743838610310576] [2] [-1.021754209837752,-0.0022524630448116996]
[-1.021754209837752,-0.0022524630448116996] [2] [-1.0205139521879851,0.0012402576497668417]
[-1.0205139521879851,0.0012402576497668417] [2] [-1.0157817004242489,0.004732251763736352]
[-1.0157817004242489,0.004732251763736352] [2] [-1.00756054369553,0.008221156728718836]
[-1.00756054369553,0.008221156728718836] [2] [-0.995857040939171,0.011703502756358867]
[-0.995857040939171,0.011703502756358867] [2] [-0.9806831328979008,0.015173908041270319]
[-0.9806831328979008,0.015173908041270319] [2] [-0.9620588318144969,0.01862430108340381]
[-0.9620588318144969,0.01862430108340381] [2] [-0.9400156351363024,0.022043196678194543]
[-0.9400156351363024,0.022043196678194543] [2] [-0.9146005683491938,0.025415066787108538]
[-0.9146005683491938,0.025415066787108538] [2] [-0.8858807040842995,0.028719864264894285]
[-0.8858807040842995,0.028719864264894285] [2] [-0.8539479304987901,0.03193277358550942]
[-0.8539479304987901,0.03193277358550942] [2] [-0.8189236562804807,0.03502427421830949]
[-0.8189236562804807,0.03502427421830949] [2] [-0.7809630524371043,0.03796060384337639]
[-0.7809630524371043,0.03796060384337639] [2] [-0.7402583581477944,0.04070469428930992]
[-0.7402583581477944,0.04070469428930992] [2] [-0.6970407401411178,0.04321761800667655]
[-0.6970407401411178,0.04321761800667655] [2] [-0.6515802148139561,0.045460525327161674]
[-0.6515802148139561,0.045460525327161674] [2] [-0.6041832381795312,0.04739697663442484]
[-0.6041832381795312,0.04739697663442484] [2] [-0.5551877480644516,0.048995490115079594]
[-0.5551877480644516,0.048995490115079594] [2] [-0.5049556951132398,0.05023205295121181]
[-0.5049556951132398,0.05023205295121181] [2] [-0.4538633923807562,0.05109230273248361]
[-0.4538633923807562,0.05109230273248361] [2] [-0.4022902982084243,0.05157309417233183]
[-0.4022902982084243,0.05157309417233183] [2] [-0.3506070673091995,0.051683230899224816]
[-0.3506070673091995,0.051683230899224816] [2] [-0.2991638125868466,0.05144325472235289]
[-0.2991638125868466,0.05144325472235289] [2] [-0.2482794904511375,0.050884322135709086]
[-0.2482794904511375,0.050884322135709086] [2] [-0.19823316182707856,0.05004632862405894]
[-0.19823316182707856,0.05004632862405894] [2] [-0.14925762545917226,0.0489755363679063]
[-0.14925762545917226,0.0489755363679063] [2] [-0.10153562306732619,0.04772200239184606]
[-0.10153562306732619,0.04772200239184606] [2] [-0.05519853300885739,0.046337090058468804]
[-0.05519853300885739,0.046337090058468804] [2] [-0.010327243830047461,0.04487128917880993]
[-0.010327243830047461,0.04487128917880993] [1] [0.03204524508739966,0.04237248891744712]
[0.03204524508739966,0.04237248891744712] [2] [0.0729292777095767,0.04088403262217705]
[0.0729292777095767,0.04088403262217705] [2] [0.11237290717420725,0.03944362946463054]
[0.11237290717420725,0.03944362946463054] [2] [0.1504572575885416,0.03808435041433434]
[0.1504572575885416,0.03808435041433434] [2] [0.18729198404924252,0.03683472646070094]
[0.18729198404924252,0.03683472646070094] [2] [0.22301106765774123,0.0357190836084987]
[0.22301106765774123,0.0357190836084987] [2] [0.25776909709905094,0.034758029441309686]
[0.25776909709905094,0.034758029441309686] [2] [0.2917381154766635,0.03396901837761259]
[0.2917381154766635,0.03396901837761259] [2] [0.3251050530462013,0.033366937569537805]
[0.3251050530462013,0.033366937569537805] [2] [0.3580697226960629,0.03296466964986161]
[0.3580697226960629,0.03296466964986161] [1] [0.3898433230900133,0.031773600393950364]
[0.3898433230900133,0.031773600393950364] [1] [0.42064046242828873,0.030797139338275433]
[0.42064046242828873,0.030797139338275433] [1] [0.4506776342397365,0.03003717181144777]
[0.4506776342397365,0.03003717181144777] [1] [0.4801722493380634,0.02949461509832688]
[0.4801722493380634,0.02949461509832688] [1] [0.509342086043353,0.029169836705289522]
